Samples	SBS96A	SBS96B	SBS96C	SBS96D	SBS96E	SBS96F	SBS96G
AX4912_vs_AX4894	1.35E+00	2.96E+00	2.36E+00	2.57E+00	2.18E+00	9.47E-01	1.25E+00
AX4914_vs_AX4895	8.29E-01	1.20E+00	1.21E+00	1.47E+00	1.76E+00	8.90E-01	1.42E+00
AX4915_vs_AX4895	1.28E+00	2.03E+00	2.12E+00	2.75E+00	2.42E+00	1.52E+00	1.30E+00
AX4916_vs_AX4896	7.45E-01	1.92E+00	2.09E+00	2.45E+00	2.38E+00	1.34E+00	5.21E-01
AX4918_vs_AX4897	9.48E-01	1.48E+00	1.73E+00	1.97E+00	1.87E+00	5.06E-01	6.97E-01
AX4921_vs_AX4898	1.24E+00	2.13E+00	2.81E+00	2.69E+00	2.10E+00	1.76E+00	3.67E-01
AX4923_vs_AX4906	1.12E+00	2.13E+00	7.23E-01	2.67E+00	2.02E+00	1.31E+00	6.13E-01
AX4925_vs_AX4901	2.17E+00	4.07E+00	3.30E+00	4.58E+00	2.89E+00	1.61E+00	1.97E+00
AX4927_vs_AX4905	3.84E+00	7.95E+00	3.53E+00	6.67E+00	2.76E+00	2.03E+00	1.41E+00
AX4928_vs_AQ5174	9.41E-01	1.30E+00	3.99E-01	1.86E+00	2.00E+00	1.35E+00	8.96E-01
AX4930_vs_AX4900	8.36E-01	1.14E+00	2.86E+00	2.83E+00	2.69E+00	1.59E+00	9.13E-01
AX4932_vs_AX4908	3.29E-01	2.13E+00	9.85E-01	2.21E+00	2.08E+00	1.48E+00	8.50E-01
AX4933_vs_AX4909	4.78E+00	1.78E+01	3.07E+00	1.98E+01	3.96E+00	3.73E-01	0.00E+00
AX4934_vs_AX4909	1.28E+00	2.89E+00	2.19E+00	3.06E+00	2.54E+00	1.58E+00	0.00E+00
AX4935_vs_AX4910	6.73E+00	1.93E+00	4.65E+00	1.25E+00	2.85E+00	3.31E+00	7.53E-01
AX4937_vs_AX4894	1.11E+00	2.98E+00	2.35E+00	2.87E+00	2.37E-01	1.22E+00	1.01E+00
AX4938_vs_AX4896	6.29E-01	8.50E-01	1.20E+00	1.44E+00	1.82E-01	6.45E-01	3.27E-01
AX4940_vs_AX4904	1.31E-01	2.20E+00	7.30E-01	2.19E+00	2.52E-01	8.52E-01	7.84E-01
AX4942_vs_AX4898	7.25E-01	1.83E+00	1.75E+00	1.30E+00	7.84E-01	3.99E-01	5.02E-01
AX4943_vs_AX4898	3.50E-01	5.36E-01	9.36E-01	8.25E-01	6.55E-01	5.35E-01	3.31E-01
AX4944_vs_AX4897	1.68E+00	3.90E+00	3.79E+00	3.42E+00	1.86E+00	2.12E+00	2.28E+00
AX4945_vs_AX4898	4.18E-01	3.86E-01	5.19E-01	3.35E-01	3.59E-01	2.31E-01	2.53E-01
AX4946_vs_AX4895	1.29E+00	3.45E+00	4.52E+00	5.08E+00	1.22E+00	8.05E-01	1.00E+00
AX4947_vs_AX4895	9.62E-01	2.44E+00	3.14E+00	3.74E+00	1.20E+00	1.84E-01	1.19E+00
AX4951_vs_AX4903	1.89E+00	5.73E+00	3.20E+00	6.53E+00	1.85E+00	4.38E+00	9.97E-01
AX4958_vs_AQ5174	8.27E-01	3.65E+00	3.58E+00	3.65E+00	1.15E+00	6.10E-01	5.39E-01
AX4961_vs_AQ5174	8.72E-01	2.78E+00	2.37E+00	2.91E+00	8.01E-01	4.08E-01	7.00E-01
DIAF_vs_BLOOD	3.89E+00	9.56E+00	4.54E+00	1.00E+01	2.64E+00	1.90E+00	1.64E+00
LNMETA_vs_BLOOD	8.37E+00	2.02E+01	5.40E+00	1.99E+01	5.15E+00	2.42E+00	3.19E+00
LN_vs_BLOOD	3.08E+00	4.83E+00	5.01E+00	6.15E+00	2.84E+00	3.32E+00	6.65E+00
OMEN_vs_BLOOD	3.48E+00	8.08E+00	3.43E+00	6.61E+00	1.94E+00	1.62E+00	1.44E+00
PADWRZ-01A_vs_PADWRZ-10A	2.00E-02	5.95E-01	8.36E-01	7.19E-01	1.91E-01	1.37E-01	2.40E-01
PADYZI-01A_vs_PADYZI-10A	7.01E-01	2.60E+00	1.81E+00	2.24E+00	9.73E-01	8.88E-01	1.76E+00
PAEHIP-01A_vs_PAEHIP-10A	7.07E-01	1.13E+00	1.23E+00	8.90E-01	7.38E-01	8.83E-01	8.27E-01
PAJLWM-01A_vs_PAJLWM-11A	5.65E-01	9.50E-01	1.00E+00	8.73E-01	3.06E-01	8.05E-01	4.89E-01
PAJNFP-01A_vs_PAJNFP-11A	8.35E-01	1.32E+00	6.56E-01	7.68E-01	6.29E-01	7.41E-01	1.89E+00
PAKHTL-01A_vs_PAKHTL-11A	0.00E+00	1.03E+00	1.11E+00	1.03E+00	2.56E-01	8.76E-01	1.22E+00
PAKLYZ-01A_vs_PAKLYZ-10A	7.42E-01	2.02E+00	2.17E+00	1.99E+00	8.74E-01	1.31E+00	2.60E-01
PAKTCT-01A_vs_PAKTCT-11A	4.32E-01	7.61E-01	8.40E-01	6.92E-01	6.59E-01	2.65E-01	5.33E-01
PARECB-01A_vs_PARECB-11A	3.28E-01	4.25E-01	4.49E-01	1.25E-01	2.92E-01	3.32E-01	1.00E-02
PAREWI-01A_vs_PAREWI-11A	2.08E-01	2.19E+00	2.11E+00	2.07E+00	3.85E-01	7.26E-01	1.57E+00
PARGRN-01A_vs_PARGRN-10A	1.01E+00	1.13E+00	2.53E+00	1.91E+00	6.49E-01	1.33E-01	2.62E+00
PARIRN-01A_vs_PARIRN-10A	3.78E-01	8.48E-01	9.42E-01	1.04E+00	3.10E-01	6.19E-01	6.97E-01
PARPFY-01A_vs_PARPFY-11A	9.18E-01	1.19E+00	1.63E+00	1.73E+00	7.26E-01	1.69E-01	1.14E+00
PARZRH-01A_vs_PARZRH-10A	1.55E-01	4.65E-01	6.51E-01	4.66E-01	3.84E-01	2.57E-01	2.48E-01
PASABD-01A_vs_PASABD-10A	3.39E-01	1.75E+00	1.48E+00	1.45E+00	5.07E-01	9.21E-01	9.06E-01
PASADZ-01A_vs_PASADZ-10A	3.01E-01	3.38E-01	4.88E-01	5.86E-01	4.00E-01	0.00E+00	2.97E-01
PASCDH-01A_vs_PASCDH-10A	1.09E+00	2.34E+00	2.95E+00	3.30E+00	1.12E+00	1.73E+00	2.10E+00
PASDLA-01A_vs_PASDLA-11A	2.97E-01	5.10E-01	7.28E-01	2.55E-01	2.57E-01	4.27E-01	4.61E-01
PASVDP-01A_vs_PASVDP-10A	3.02E-01	8.33E-01	9.00E-01	1.03E+00	6.50E-01	5.56E-01	1.21E-01
PASWZZ-01A_vs_PASWZZ-10A	3.91E-01	5.31E-01	7.51E-01	9.44E-01	4.75E-01	6.27E-01	7.01E-01
PASXNA-01A_vs_PASXNA-11A	1.67E-01	4.78E-01	4.55E-01	4.07E-01	0.00E+00	0.00E+00	6.68E-02
PATAFT-01A_vs_PATAFT-10A	6.00E-01	2.06E+00	1.52E+00	2.03E+00	8.30E-01	6.03E-01	8.55E-01
PATDVL-01A_vs_PATDVL-10A	8.81E-02	1.65E-01	1.98E-01	3.34E-01	4.42E-01	3.01E-01	3.41E-01
PATENH-01A_vs_PATENH-11A	2.37E-01	4.91E-01	7.14E-01	9.02E-01	5.06E-01	6.63E-01	7.95E-01
PATFXW-01A_vs_PATFXW-10A	1.12E-01	1.25E+00	1.54E+00	9.49E-01	4.85E-01	9.90E-01	1.12E+00
PATFZZ-01A_vs_PATFZZ-10A	7.47E-01	1.64E+00	9.14E-01	1.27E+00	7.68E-01	9.18E-01	1.29E+00
PATXEE-01A_vs_PATXEE-10A	1.17E+00	2.38E+00	3.02E+00	3.60E+00	2.47E-01	1.82E+00	9.16E-01
PAUEKW-01A_vs_PAUEKW-10A	2.30E-01	1.49E-01	5.10E-01	1.90E-01	3.60E-01	5.39E-01	1.89E-01
PAUFVP-01A_vs_PAUFVP-11A	3.47E-01	1.16E+00	9.20E-01	6.65E-01	6.28E-01	5.17E-01	3.62E-01
PAUGYZ-01A_vs_PAUGYZ-10A	4.11E-01	1.27E+00	1.37E+00	1.37E+00	3.01E-01	4.31E-01	6.09E-01
PAUHAZ-01A_vs_PAUHAZ-10A	6.39E-01	1.17E+00	1.45E+00	1.76E+00	5.60E-01	7.41E-01	4.59E-01
PAVCKS-01A_vs_PAVCKS-11A	3.38E-01	8.95E-01	1.02E+00	5.67E-01	4.53E-01	5.66E-01	8.45E-02
PAVYKD-01A_vs_PAVYKD-10A	0.00E+00	7.72E-01	7.46E-01	5.11E-01	3.37E-01	3.70E-01	4.19E-01
PAWFBL-01A_vs_PAWFBL-11A	4.09E-01	6.07E-01	6.95E-01	4.81E-01	3.59E-01	3.97E-01	2.03E-01
PAWFWK-01A_vs_PAWFWK-10A	7.13E-01	1.51E+00	1.36E+00	1.33E+00	6.87E-02	7.99E-01	1.00E-02
SJBT030128_D1_vs_SJBT030128_G1	4.77E-01	7.67E-01	9.22E-01	5.18E-01	4.99E-01	5.51E-01	1.28E-01
SJBT030255_D1_vs_SJBT030255_G1	8.25E-01	1.65E+00	1.19E+00	1.64E+00	9.69E-01	7.24E-01	7.70E-01
SJBT030581_D1_vs_SJBT030581_G1	1.95E-01	3.15E-01	3.85E-01	3.81E-01	1.70E-01	1.71E-01	2.00E-02
SJBT030997_D1_vs_SJBT030997_G1	2.66E-01	1.04E+00	1.51E+00	1.12E+00	6.67E-02	9.77E-01	8.45E-01
SJBT031235_D1_vs_SJBT031235_G1	8.36E-02	8.17E-01	1.08E+00	1.05E+00	6.43E-01	1.28E+00	3.44E-01
SJBT031605_D1_vs_SJBT031605_G1	6.05E+00	2.30E+01	1.47E+01	1.64E+01	5.06E+00	3.50E+00	6.01E+00
SJBT031948_D2_vs_SJBT031948_G1	8.69E+00	1.61E+01	4.05E+00	1.18E+01	3.06E+00	9.48E-01	2.45E+00
SJBT032346_D1_vs_SJBT032346_G1	0.00E+00	3.25E-01	5.89E-01	2.61E-01	4.54E-01	4.62E-01	2.28E-01
SJBT032393_D1_vs_SJBT032393_G1	3.34E+00	6.53E+00	8.07E+00	8.10E+00	2.60E+00	6.76E+00	1.97E+00
SJBT032417_D2_vs_SJBT032417_G1	2.07E+00	2.54E+00	1.60E+00	1.92E+00	5.92E-01	1.16E+00	1.21E+00
SJBT033236_D2_vs_SJBT033236_G1	1.43E-01	3.16E-01	1.79E-01	2.50E-01	1.82E-01	4.70E-01	0.00E+00
SJBT034089_D1_vs_SJBT034089_G1	1.42E-01	4.99E-01	2.27E-01	3.46E-01	1.97E-01	5.30E-01	2.29E-01
SJBT034110_D2_vs_SJBT034110_G1	5.89E-01	1.42E+00	1.04E+00	1.40E+00	6.59E-01	8.78E-01	4.59E-01
SJMRT014754_D1_vs_SJMRT014754_G1	1.29E+00	2.97E+00	1.75E+00	2.97E+00	1.43E+00	3.76E-01	0.00E+00
SJMRT015723_D1_vs_SJMRT015723_G1	2.25E+00	3.57E+00	2.78E+00	2.48E+00	1.25E+00	1.48E+00	1.51E+00
SJMRT063832_X1_vs_SJMRT063832_G1	2.24E-01	3.99E-01	1.45E-01	2.00E-01	5.84E-02	1.29E-01	3.00E-02
