MutationType	SBS96A	SBS96B	SBS96C	SBS96D	SBS96E	SBS96F	SBS96G	SBS96H
A[C>A]A	0.00341512	0.00904987	0.04314934	0.02994504	0.00632092	0.02108550	0.00652519	0.00839089
A[C>A]C	0.00058108	0.00422884	0.01528682	0.02946502	0.02667145	0.01362328	0.00209094	0.00691803
A[C>A]G	0.00277473	0.00138318	0.00411017	0.00228415	0.00056241	0.00300302	0.00000001	0.00255342
A[C>A]T	0.00049679	0.01431684	0.01685263	0.03136514	0.00690867	0.01064240	0.00643160	0.00113919
A[C>G]A	0.00890117	0.00656012	0.01230831	0.01258050	0.00225112	0.00740412	0.00160636	0.03168665
A[C>G]C	0.00686289	0.00633417	0.00766824	0.00423215	0.00268841	0.00524755	0.00000002	0.00300701
A[C>G]G	0.00323572	0.00192910	0.00048351	0.00324835	0.00067828	0.00570412	0.00208483	0.00005246
A[C>G]T	0.01230136	0.01001503	0.00654627	0.01113646	0.00478889	0.00853316	0.00237052	0.00590177
A[C>T]A	0.01805123	0.01595942	0.01862279	0.02445371	0.00244157	0.03040434	0.00739337	0.09775606
A[C>T]C	0.01317592	0.00729129	0.01053059	0.01855946	0.00370346	0.00754127	0.00143121	0.00474667
A[C>T]G	0.01675212	0.01951791	0.01142074	0.01656818	0.01094211	0.20395458	0.01715312	0.00260703
A[C>T]T	0.02340552	0.01083388	0.01336188	0.02258507	0.00721951	0.02106695	0.00594285	0.00588882
A[T>A]A	0.00596253	0.00448413	0.00733581	0.01574874	0.00612557	0.01050491	0.00706776	0.00510827
A[T>A]C	0.00091724	0.00830253	0.00093398	0.01029323	0.00599564	0.00362832	0.00219863	0.00000002
A[T>A]G	0.00707852	0.00589041	0.00244683	0.01292273	0.00247166	0.00648756	0.00340354	0.00435806
A[T>A]T	0.00455495	0.01290613	0.01217752	0.01157820	0.00744996	0.01734017	0.01388173	0.02903686
A[T>C]A	0.02953427	0.01884885	0.02519813	0.01573915	0.00207862	0.00486571	0.00767235	0.02717719
A[T>C]C	0.01900849	0.00383143	0.00698162	0.00933557	0.00056038	0.00323045	0.00737596	0.00135189
A[T>C]G	0.02614668	0.00912648	0.00974227	0.00641060	0.00013492	0.00675183	0.00399155	0.00506812
A[T>C]T	0.02944273	0.01475502	0.01381250	0.02048659	0.00535668	0.01230280	0.00930422	0.00651635
A[T>G]A	0.00814278	0.00277221	0.00202562	0.00673666	0.00286687	0.00102885	0.00343390	0.00390441
A[T>G]C	0.00409552	0.00015866	0.00188727	0.00317880	0.00074963	0.00075600	0.00428496	0.00118677
A[T>G]G	0.00529144	0.00691493	0.00309897	0.00460222	0.00154093	0.00247077	0.00235005	0.00469605
A[T>G]T	0.00526772	0.00552388	0.00902778	0.00022960	0.00055260	0.00186459	0.03387968	0.00358259
C[C>A]A	0.00425223	0.01532779	0.04061526	0.02187055	0.02372648	0.00481803	0.00383435	0.00967347
C[C>A]C	0.00359952	0.00366891	0.01179626	0.02391595	0.01911612	0.00156681	0.00000001	0.01420357
C[C>A]G	0.00788825	0.00079640	0.00342234	0.00047870	0.00200642	0.00402614	0.00000001	0.00245508
C[C>A]T	0.00001850	0.00699707	0.04112138	0.01464076	0.04713724	0.01146043	0.00453025	0.00000001
C[C>G]A	0.00372139	0.00355946	0.00813558	0.01287550	0.00158380	0.00304385	0.00186731	0.00026361
C[C>G]C	0.00324489	0.00328404	0.00676303	0.00900138	0.00187063	0.00168775	0.00197126	0.00245132
C[C>G]G	0.00732645	0.00130345	0.00061132	0.00104703	0.00040792	0.00272978	0.00067835	0.00095758
C[C>G]T	0.00303237	0.00582143	0.00757840	0.01624987	0.00381046	0.00091810	0.00488589	0.00003375
C[C>T]A	0.01824817	0.02450729	0.01691025	0.00648614	0.03001722	0.01563208	0.00373595	0.01141048
C[C>T]C	0.01526360	0.00804658	0.00845554	0.00000000	0.13834431	0.00951910	0.00428624	0.00352557
C[C>T]G	0.02515511	0.01877497	0.00907605	0.00852519	0.00988437	0.10934741	0.00842890	0.00376044
C[C>T]T	0.01753699	0.02044659	0.00454991	0.01772657	0.11519510	0.00901871	0.00740537	0.00422137
C[T>A]A	0.00176921	0.00190599	0.00088044	0.01244240	0.03224700	0.00043867	0.00000000	0.00433260
C[T>A]C	0.00159456	0.00142311	0.00156696	0.00838819	0.02650901	0.00664497	0.00568517	0.02582007
C[T>A]G	0.01394462	0.00307486	0.00002284	0.00705249	0.03325355	0.00003177	0.00561276	0.00577927
C[T>A]T	0.00243248	0.00256346	0.00484074	0.01797240	0.04590897	0.00773304	0.02403690	0.00579677
C[T>C]A	0.02844024	0.00732132	0.00675011	0.00356423	0.00600257	0.00084056	0.00289732	0.00074832
C[T>C]C	0.02077775	0.00576291	0.00503728	0.01600919	0.00754341	0.00277330	0.02107834	0.00444783
C[T>C]G	0.02815253	0.00730418	0.00594519	0.00301272	0.00635455	0.00220888	0.01422361	0.00000000
C[T>C]T	0.02635705	0.00745513	0.00280222	0.00213998	0.01121311	0.00135821	0.09786576	0.01659345
C[T>G]A	0.00597632	0.00263290	0.00364857	0.00250864	0.00188045	0.00140584	0.00551174	0.00000002
C[T>G]C	0.00428304	0.00100494	0.00355922	0.00113471	0.00117007	0.00055065	0.01746909	0.00394222
C[T>G]G	0.00784480	0.00498498	0.00136389	0.00691703	0.00308153	0.00327785	0.00678248	0.00027869
C[T>G]T	0.00000010	0.00029421	0.00027952	0.00344350	0.00103949	0.00000027	0.25410219	0.00000019
G[C>A]A	0.00935959	0.00697450	0.06013482	0.01918702	0.01247430	0.00769390	0.00329388	0.00525212
G[C>A]C	0.00104416	0.00326602	0.01279987	0.01653025	0.04264018	0.00026144	0.00217916	0.00310509
G[C>A]G	0.00804753	0.00009932	0.00324116	0.00009701	0.00115670	0.00174268	0.00000003	0.00172604
G[C>A]T	0.00619001	0.00650414	0.04436983	0.01540539	0.00630045	0.00245240	0.00284385	0.00267782
G[C>G]A	0.00629566	0.00352669	0.00306225	0.00968503	0.00227428	0.00035293	0.00148226	0.00264030
G[C>G]C	0.00893121	0.00093638	0.00191350	0.00639729	0.01874075	0.00002301	0.00061071	0.00007613
G[C>G]G	0.00287120	0.00052680	0.00072146	0.00129968	0.00067961	0.00075510	0.00003793	0.00341710
G[C>G]T	0.00556885	0.00621211	0.00147579	0.01013713	0.00414625	0.00231482	0.00101634	0.00202558
G[C>T]A	0.01884083	0.01578778	0.00981470	0.02568866	0.01043401	0.01518630	0.00329281	0.00274291
G[C>T]C	0.01695289	0.01303198	0.00958523	0.01438785	0.01214276	0.01311884	0.00516770	0.00122779
G[C>T]G	0.01443518	0.03782167	0.00368479	0.00568725	0.00813296	0.12072005	0.01144830	0.01472026
G[C>T]T	0.02748464	0.00561341	0.00615611	0.03302030	0.00944310	0.01173724	0.00491925	0.00333383
G[T>A]A	0.00445437	0.00255676	0.00155779	0.00848272	0.00460081	0.00176389	0.00000612	0.00032283
G[T>A]C	0.00167161	0.00487324	0.00091050	0.00549582	0.00435191	0.00164126	0.00299457	0.00000002
G[T>A]G	0.00846347	0.00037178	0.00016067	0.00801896	0.00233569	0.00037452	0.00000000	0.01647519
G[T>A]T	0.00336708	0.00699539	0.00071817	0.01470250	0.00320624	0.00413363	0.00578081	0.00362883
G[T>C]A	0.02161474	0.01079989	0.00832887	0.01084724	0.00166208	0.00308169	0.00819319	0.00247201
G[T>C]C	0.01730915	0.00285207	0.00186808	0.00347704	0.01286081	0.00758561	0.01032767	0.00149085
G[T>C]G	0.01698042	0.00400442	0.00078595	0.00191846	0.00192737	0.00336806	0.00539272	0.03154792
G[T>C]T	0.03462998	0.00976144	0.00669768	0.00383742	0.00685360	0.00673421	0.00792879	0.00238452
G[T>G]A	0.00757472	0.00152000	0.00004779	0.00299998	0.00064571	0.00167226	0.00062623	0.00000004
G[T>G]C	0.00383686	0.00113223	0.00009889	0.00178403	0.00345063	0.00061129	0.00477481	0.00000005
G[T>G]G	0.00780897	0.00129389	0.00095560	0.00533389	0.00341036	0.00368575	0.00284527	0.00150426
G[T>G]T	0.00433636	0.00453224	0.00351794	0.00295754	0.00133536	0.00086629	0.06463358	0.00055197
T[C>A]A	0.00583365	0.01879861	0.05560112	0.01704791	0.00784811	0.00361173	0.00371656	0.00186814
T[C>A]C	0.00468200	0.00947731	0.03084188	0.02033069	0.01420323	0.00169888	0.00565067	0.00000001
T[C>A]G	0.00273596	0.00227982	0.00566806	0.00093346	0.00021618	0.00038491	0.00000002	0.00000012
T[C>A]T	0.00087759	0.03233330	0.09321114	0.01531339	0.01554157	0.00763909	0.00771545	0.00878268
T[C>G]A	0.00747067	0.03473060	0.00904165	0.00605093	0.00560032	0.00201407	0.00386600	0.00254409
T[C>G]C	0.00639715	0.01715316	0.00767076	0.00588045	0.00303286	0.00155611	0.00169646	0.00269761
T[C>G]G	0.00392088	0.00136912	0.00101247	0.00110299	0.00065042	0.00210089	0.00088180	0.00149422
T[C>G]T	0.00571936	0.05106060	0.02353213	0.01807660	0.01017697	0.00040621	0.00208034	0.00792038
T[C>T]A	0.00921514	0.07563504	0.02533386	0.01157935	0.00505002	0.00862374	0.00442786	0.00503600
T[C>T]C	0.01307247	0.05034292	0.01211854	0.01331874	0.01503373	0.01265771	0.00410953	0.01035559
T[C>T]G	0.01369755	0.01742448	0.00704367	0.00837758	0.00306195	0.08471729	0.00715175	0.00980280
T[C>T]T	0.01348638	0.08252616	0.01447489	0.01290915	0.02100115	0.01316914	0.00753826	0.00709321
T[T>A]A	0.00095832	0.00912163	0.00916499	0.00836873	0.00464404	0.00352435	0.00692608	0.13991136
T[T>A]C	0.00174765	0.00383203	0.00536300	0.01449808	0.00235172	0.00112455	0.00393624	0.00367867
T[T>A]G	0.00631919	0.00230330	0.00174448	0.00863736	0.00241153	0.00258253	0.00156110	0.00263323
T[T>A]T	0.00069174	0.00861601	0.00800846	0.02663210	0.00759944	0.01106395	0.01102831	0.07977680
T[T>C]A	0.02536387	0.01609634	0.01617057	0.01004645	0.00407538	0.00374779	0.00547697	0.00385889
T[T>C]C	0.03168021	0.01418716	0.00157612	0.00945018	0.00446635	0.00521011	0.01044662	0.01528955
T[T>C]G	0.01685883	0.00792529	0.00285662	0.00336306	0.00171083	0.00284459	0.00442182	0.00467887
T[T>C]T	0.02791203	0.01294104	0.00856954	0.00096972	0.00780846	0.00037835	0.01257951	0.13052518
T[T>G]A	0.01107328	0.00197848	0.00640916	0.00692689	0.00244395	0.00046440	0.00755038	0.00180219
T[T>G]C	0.00841792	0.00214542	0.00366406	0.00194658	0.00007179	0.00104081	0.00503341	0.00123924
T[T>G]G	0.01255220	0.00657798	0.00624598	0.00442219	0.00348213	0.00347924	0.00535419	0.00211045
T[T>G]T	0.00498978	0.01095379	0.01132757	0.00535050	0.00194793	0.00360794	0.07829109	0.07024701
