MutationType	SBS96A	SBS96B	SBS96C	SBS96D	SBS96E	SBS96F	SBS96G	SBS96H
A[C>A]A	0.005229737556547888	0.01769466799516522	0.007371739728005196	0.03553617237135768	0.001760375261073932	0.03710901889950037	0.005849678661839448	0.026783244265243412
A[C>A]C	0.02117859280668199	0.01169252247134864	0.00399404524712736	0.0078041912906337526	0.01964694923022762	0.02172946062026318	0.012597693662391975	0.008759749018063303
A[C>A]G	0.00041754149457574386	0.0008215114300685739	0.004533909913963754	0.0015926452813549829	0.0009633665045765127	0.00421464128174388	0.0008165270721073626	0.0009849737816617222
A[C>A]T	0.01172041657846421	0.006380647918267641	0.0030223811217194906	0.02305066890907824	0.016488104737363757	0.02539063222357072	0.002009515628280667	0.0111904911568854
A[C>G]A	0.008544494565576315	0.0028893505419546285	0.033531169891357425	0.004362333321543588	0.013264445660170168	0.015750150778330863	0.003953352391945373	0.0022540501307469186
A[C>G]C	0.00040901803244196343	0.0006626720471047065	0.002233121036151715	0.005516780908089913	0.009621956755872817	0.007283647651056526	0.004188827321491999	0.0027248827113362495
A[C>G]G	0.0008325692016582309	0.002328246145747954	0.0017306891116299994	0.002542346876677258	0.0001402896769524631	0.006348932628147992	0.0035276794925920285	0.00045381486855603723
A[C>G]T	0.0002264550736254023	0.0033598720594420683	0.0012288727491500742	0.014715595434104216	0.018485203319269203	0.01603172086192103	0.001437156662672976	0.0031544701509483276
A[C>T]A	0.00931408816948533	0.004253799809378613	0.07651687528938055	0.017512105667265132	0.03978667083196342	0.03621640412369743	0.018105396782048047	0.011579941277741455
A[C>T]C	0.004927575494075426	0.015266300721559673	0.005749200812424533	0.0036181275498530304	0.028955379435792565	0.02101220220036339	0.005787273371242918	0.009356824546703137
A[C>T]G	0.003066871854277895	0.004523571189154436	0.003029619517693819	0.0017885378178010569	0.0005486423746050662	0.01138512210243448	0.1943426698446274	0.004330513580869706
A[C>T]T	0.0017158230060886127	0.016420968856560237	0.0029742767376592385	0.018067938168533148	0.02876975901890546	0.022989992665825413	0.023221888383850454	0.008009796146652662
A[T>A]A	0.004043595497350907	0.015864320350810885	0.012845299756154418	0.009607939198031091	0.002578291602403624	0.009441770364909417	0.00836503392085433	0.0017916369628801776
A[T>A]C	0.006993857960333116	0.007273535882413853	0.002472613088611979	0.0027092549157396208	0.014290402382612229	0.004403569042561344	0.0023312887327978315	0.00020033949976596687
A[T>A]G	0.0020401275537733454	0.010371407616185024	0.004170191519576747	0.0027507987586427875	0.016649010512046515	0.006541824462079831	0.003984979230503996	0.0008639340421177622
A[T>A]T	0.009495837087742985	0.0015017900932389238	0.019620773158967496	0.011769047142006456	0.016867164474679158	0.010185769016388804	0.02239790198393166	0.012251556944102049
A[T>C]A	0.0070381615008227524	0.013992632221998065	0.03288703957572579	0.01793724514427595	0.029421857036650182	0.01598701690141752	0.01452347609680146	0.007754404695588164
A[T>C]C	0.00186681919345574	0.008298108565504662	0.003912670437900254	0.0038318024003092433	0.006461196480959188	0.017273984063112948	0.0058976793292822545	0.0045219249007641335
A[T>C]G	0.0018720957138566518	0.007559466566308784	0.004099133550726605	0.012559316491970094	0.0010248384438455104	0.012875577690865612	0.015392963793128728	0.002282735349223799
A[T>C]T	0.0036187079502269627	0.014652736224306864	0.005352088378567714	0.016691017833072693	0.022538688983768224	0.013947116825002014	0.008976185410865582	0.02036617777310312
A[T>G]A	0.006066246571717784	0.0031739534644293597	0.005759968586644391	0.00228208353248192	0.009108125230995938	0.004633893554295412	0.00472184998128796	0.0006879383507680358
A[T>G]C	0.0009225017736748598	0.0005695770770907416	0.0014636863626583364	0.0030765487598520738	0.004283397324034013	0.0033178870469488687	0.000993743117165593	0.002175349715689663
A[T>G]G	0.0024543108604848387	0.004555816887055073	0.0037366654218931217	0.002884246736731626	0.009509013949136716	0.00390302282263292	0.00047258533333661035	0.005920305286999792
A[T>G]T	0.0008771220636845101	0.0006820731002423485	0.00014541648598907387	0.008578072404392288	0.006024113763705827	0.00486810492566974	0.0008190069359563345	0.02620772653259337
C[C>A]A	0.010208464885945432	0.029360161602962762	0.007868172829330434	0.03620847078971565	0.0032745804995647633	0.025882707331329583	0.006079879864538138	0.014272560329409316
C[C>A]C	0.014311873153783381	0.016882352887187153	0.016117220176383854	0.0038459991685522252	0.01515436383895576	0.010273255148276803	0.00298206481503712	0.007282031957001891
C[C>A]G	0.00211466328615316	0.0006982433692419932	0.0027037548208500082	0.005490796260640707	0.00019026776736865258	0.0036894222500836803	0.00020536344073541102	0.0015651666234572303
C[C>A]T	0.03355663410387933	0.017356167109885235	0.0028279737173579635	0.01684467482380569	0.011940918026530198	0.016750292878132313	0.006002276724510982	0.014221095168031751
C[C>G]A	0.0014888368992251344	0.00593171612767037	0.00017191494247527822	0.002519569358909597	0.007351807743980317	0.006017307159960125	0.0024934288191300526	0.007298626529518515
C[C>G]C	0.0009276057887238665	0.003933680698457636	0.004354959023185074	0.0011524306527053655	0.009217700520748622	0.0033441346866257505	0.0010252634299740748	0.005059084218519274
C[C>G]G	0.00036259993401927204	0.00027373765118611005	0.0007757282170868507	0.0019552811130540706	0.0007956117310733646	0.0020590081161935814	0.001370190951116399	0.003538462259584776
C[C>G]T	0.00416406465228647	0.003994382351490913	0.0004054214780504805	0.006140495463041589	0.002828243568351354	0.007692178345196226	0.005207243082613786	0.004489579328801483
C[C>T]A	0.030408804398030044	0.0011331169644836336	0.006909903335763374	0.021533373300917445	0.027875533322803677	0.027239863951690493	0.015010640452383086	0.005970918018429075
C[C>T]C	0.15071122027933598	0.0012858352385913547	0.006657697850033344	0.0031186365567015175	0.012131669780650375	0.007064015075629886	0.001532529532488347	0.0026948955854917207
C[C>T]G	0.006966460677795112	0.001183212811308908	0.011024098438792863	0.011805951309811461	0.004474482059667935	0.01402760935831032	0.10179441668093205	0.015763770061312243
C[C>T]T	0.12594683349132538	0.005178340941578199	0.014340148603077979	0.00627213353609682	0.028201846561860294	0.0038859624584444584	0.009524642455221933	0.00877834167185938
C[T>A]A	0.03382523169741034	0.014852214650966289	0.0005435485062866974	0.0027173151168440766	0.0009903810843388784	0.003872864771577702	0.0015974380351659078	0.0015222319123287776
C[T>A]C	0.02892739834263921	0.004435288239198023	0.014928462654352189	0.004797496814571787	0.0062453831731909305	0.006144549696618924	0.0008384391736126418	0.005769793870562694
C[T>A]G	0.034760128129273656	0.020024484271980496	0.0037529837364081685	0.0012650408866173284	0.004258318878422012	0.0038509884514496663	0.0006016991057430232	0.0038938590799443775
C[T>A]T	0.050390919782221315	0.027744187744364126	0.0014705278699597103	1.401298464324817e-47	0.0011631746939942823	0.005357197435947163	0.001650865570703388	0.02723494407720864
C[T>C]A	0.0048646551911951975	0.005173165264592114	0.0038973059467482685	0.0034816813496769327	0.023226826596073807	0.016222531518056655	0.004078473112955407	0.004022331154802714
C[T>C]C	0.009869738136185333	0.009125916291959585	0.002459179101315385	0.005968414113885956	0.008996302008745261	0.022120814032386988	0.00428161695308745	0.02332145514898002
C[T>C]G	0.005852251650721883	0.006870325330201012	0.0015705006613279692	0.006299007593479473	0.003668657323869411	0.012378377146378626	0.0029951217024063227	0.009599098642356694
C[T>C]T	0.01191510290489532	0.011489815285312944	0.012477722127805464	0.005423160675127292	0.014030299370642752	0.009173280427057761	0.002569308109850681	0.09015283674001694
C[T>G]A	0.0014659653230046387	0.006589346774501337	5.352756777938339e-05	0.001532035616291978	0.0007231558537350224	0.0017023259751425713	0.001288001973256314	0.004658640415873379
C[T>G]C	0.0010121111031367036	0.0017447884583242513	0.0017634397624988196	0.001892163497636261	0.0003224337273066169	0.0018942812760427098	0.0008848188796383737	0.010482119536027313
C[T>G]G	0.00028220114378669337	0.011738186955917627	0.0003107124424968788	0.0010782565324521443	0.005002280702274788	0.005149819506798892	0.0032548882255582614	0.006378434021025896
C[T>G]T	5.8127721527768686e-05	0.00024455525073839205	5.071308008908204e-07	6.89910948153916e-05	5.1865575301235366e-08	0.0005672686814196481	0.000261277000520721	0.14536252945661546
G[C>A]A	0.014410494049079715	0.03400594452396035	0.0057522230868926275	0.041796009186655284	0.0021239649804192596	0.032946663214825096	0.006430227102246135	0.010834605032578111
G[C>A]C	0.04247079327702522	0.04528663188684732	0.0003519523137788383	0.00788450223611619	0.005071052198986763	0.006702502669154171	0.0004952881167082523	1.972855519852601e-05
G[C>A]G	1.2173911401056615e-05	0.0010568524271921387	0.007707994505763054	0.0013033389292972685	0.0003597430284976788	0.003610178320697557	0.00010645351283912419	0.000499487095383806
G[C>A]T	0.007157627312117256	0.015746786262607202	0.002792851813137531	0.032177299425238746	0.011161640033824369	0.019359054954659314	0.004770929277001414	0.000825709840428317
G[C>G]A	0.0020561832502426114	0.00935143933747895	0.003136369488784112	0.003039611959065951	0.006402021097019314	0.0069604078977585	0.00017186191951623186	0.00454374238361197
G[C>G]C	0.016073343427851796	0.015490079532586378	0.0009145060863949084	0.0012041530213366524	0.00889004331869728	0.0019727245877331255	0.0018645931699268203	0.0020386568272826367
G[C>G]G	2.0888830221110767e-09	0.0012797429856442122	0.0012095187666636776	0.0010435329367750868	0.0014766047428397754	0.0012893509658658787	0.00043664377518716436	0.0005078221714066444
G[C>G]T	0.0035649343480145036	0.01362551552331297	0.00016775895477962876	0.0011096176290354975	0.011048240922588333	0.0016783801014099708	8.976749759824543e-05	0.005131037168976036
G[C>T]A	0.010068560105282813	0.03671749022323638	0.0013595826775417664	0.015432601833599619	0.01032123637429322	0.011275451261997204	0.008594978554174303	0.013882521002087742
G[C>T]C	0.0070485506230033934	0.030599309605313464	0.007238733508856967	0.007243840414563285	0.025247763101942836	0.011241504777426598	0.008685831129332655	0.004749584367334512
G[C>T]G	0.004053088834334631	0.007520940313056599	0.027291940273717046	0.0010941427852206686	0.0032570890549686775	0.005065461269201421	0.12042861267924308	0.002184214149664285
G[C>T]T	0.007271047681570053	0.03638739484827966	0.007695912696071901	0.001440809541833258	0.02971954971551895	0.012556526380758442	0.014830551124177874	0.007291764821036439
G[T>A]A	0.0015498121221753536	0.0187577660032548	0.0010188857750335957	0.0007334837591130908	0.002387824820057176	0.005856538287776943	0.003393231749362542	0.0022085958281040517
G[T>A]C	0.004101210674270987	0.004287297048473704	0.0009437115997502588	0.0012814000935892978	0.0129095703153871	0.003169233439509759	0.0001462370808962987	0.004352050538979029
G[T>A]G	0.005548274870961905	0.009014407420306726	0.022014064695686102	0.0010885627570827242	0.00572108415268076	0.0019919147475405906	0.00029134960359328944	0.0001289936297026628
G[T>A]T	0.004722697697579861	0.010514603514457122	0.011276185801252723	0.001291861673744279	0.007209728839006857	0.008895496162003837	0.00012367335730459672	0.01461392710218206
G[T>C]A	0.0006462226891017053	0.016747084714006634	0.003580205718171783	0.0042076617091152	0.023612241665832697	0.011239543460211507	0.008761854179610964	0.0027221800353436267
G[T>C]C	0.004632209646806587	0.019542218798305838	0.0016503671073587612	0.0008158715046010912	0.006824550331948558	0.007480258129921822	0.004440180938036065	0.01117361562559381
G[T>C]G	0.001943704651775988	0.0037272407135623153	0.02493841839954257	0.002339928391970716	0.005135100315787895	0.00898424434941262	0.003903624674565265	0.010481331255286932
G[T>C]T	0.0034563074790639804	0.021744235715596007	0.002770158796920441	0.003333218551642858	0.021754700085148217	0.009914870375125133	0.0067280899890465665	0.010090220722195226
G[T>G]A	0.0018058530260168482	0.0010943030480292748	0.0014064621399379007	0.000988273076496764	0.005272666721248242	0.003799579056203939	0.0013790768762607666	0.002317936013648705
G[T>G]C	0.004713768061483279	0.0026495189206193004	0.00022852679122934206	0.0013560162558164635	0.0010078844214582005	0.0015840160246743552	0.00015937977707473295	0.002340975107945269
G[T>G]G	0.0018865146054304206	0.004396187760836199	0.0066032673028530555	0.0012016099129687062	0.012885518926195801	0.006790853056591004	0.0008592541387918118	0.0037677059644192924
G[T>G]T	0.0008232950622186763	0.00100278622101996	0.002266728957709614	0.0033725239482009783	0.0024159954955590025	0.004280854609387746	0.0034753316955874426	0.0431544273532927
T[C>A]A	0.00400391264782229	0.02188420022604987	0.002870177569275256	0.05009618257172406	0.004085932893576683	0.02034517589525219	0.009178104026796063	0.012417409198824315
T[C>A]C	0.011059402669779957	0.01284390079206787	0.000589001089829253	0.028727902043610812	0.01607517645228654	0.010606027889953112	0.009200971064856275	0.0049544374078686814
T[C>A]G	8.61735927060181e-10	0.0004597097376676551	0.0022240495366996527	0.002261415332533261	0.0008137555273280839	0.004281549802079212	0.003542799571254136	0.00011920927550153949
T[C>A]T	0.01693422734271735	0.00858701069089875	0.0018025330882665014	0.08537786945700646	0.015428066411950568	0.025843291562915302	0.010435282659063318	0.030324075585231185
T[C>G]A	0.0028555666963438853	0.006366384142713741	0.004121076215014909	0.018541544746046287	0.022439762204885482	0.005818117900053039	0.010909600220620631	0.0023517044921027262
T[C>G]C	0.003815524287201697	0.0032481409962112195	0.00045607725631271025	0.01100966524449177	0.025632054032757878	0.006884187106587781	0.0068556794323581015	0.004363011727109551
T[C>G]G	1.9446398891176387e-09	0.0005430281365962486	0.0006289239971924587	0.0009872705033926365	0.007140832194127142	0.003096579958330068	0.00019069596639969432	0.00028269686785073136
T[C>G]T	0.014909847448579967	0.008022187950555235	0.0036825929347469354	0.04233233636245132	0.012712701342534273	0.012056684152048547	0.019468958276556803	0.009769038763798954
T[C>T]A	0.008062649329076521	0.007995349452830851	0.008541302525554784	0.06631027080118657	0.008966545336297713	0.03157955896807835	0.010982434214092791	0.0107328387553207
T[C>T]C	0.014221886624582111	0.026647678890731184	0.017487595165148376	0.03584398639999563	0.019041791886556893	0.018495907913456903	0.017578373001306317	0.00884352120803776
T[C>T]G	0.0015930189256960147	0.005825991783640347	0.015112254950217903	0.002626703249331115	0.0009527437956961648	0.004342160219190419	0.08634886674582959	0.0007915133668228412
T[C>T]T	0.02176041580736637	0.03621509206481278	0.015221348281484097	0.04746518217492848	0.026683004627702758	0.019287505911343032	0.01973097776644863	0.022457659938372673
T[T>A]A	0.011956129767931999	0.014736269579734652	0.10505039319396019	0.007947905037435704	0.01592555336188525	0.006929835665064274	0.010337536675506272	0.005997771663824096
T[T>A]C	0.000588167279274785	0.011409008038172033	0.003759241087100236	0.00029914703194663163	0.00638045451982407	0.00959812894412238	0.0056797165144234895	0.004838426252244971
T[T>A]G	0.000972987201575961	0.009280323045036312	0.0036458328208311785	0.002435891636580294	0.009921272131614388	0.005177150563831674	0.0019640890516166108	0.0028997411245654803
T[T>A]T	0.012628840510733425	0.009165241877353769	0.08587052665650845	0.0020655973186841942	0.011965694420505315	0.010202732657780902	0.004814790199466188	0.030290041398257018
T[T>C]A	0.0011128373604879017	0.018815076937898995	0.005911268906202167	0.020231374923605473	0.021528469487093388	0.007442728975438513	0.004868911522708004	0.009621827346272767
T[T>C]C	0.004137940692016855	0.010931040495052002	0.0052614681852719515	0.005123167669007671	0.014642381006851793	0.01740981662645936	0.011249554874375463	0.01894477960653603
T[T>C]G	0.0003355458644364262	0.007922058337426279	0.005362276308345031	0.0035802849337898124	0.0007915560562364022	0.013813552172900928	0.007226392911629773	0.0012062411435181275
T[T>C]T	0.021744749569043053	0.00709075097343877	0.14666914731264113	0.0028017859124696543	0.013625468843542876	0.0032249024270984707	0.003078228344006675	0.004143933081896875
T[T>G]A	0.002954610040287662	0.011235787754412741	0.002986135886487489	0.006570500574354697	0.006734214031603188	0.005998925151725416	0.0008257300586774363	0.006830759965669131
T[T>G]C	0.0016490920346586791	0.0032918886981121885	0.000909452710663885	0.0065305796300526705	0.001077537225130243	0.003038098406091656	4.245034006771675e-05	0.003380874857029994
T[T>G]G	0.003121441632101778	0.013125792467035354	0.001001560000183872	0.009989919256186112	0.005652262423827778	0.010032664497288233	0.0019948899887037895	0.002986283935974825
T[T>G]T	0.01030007193563506	0.0017795356623878434	0.05675257328897715	0.02186744835085847	0.00031541343458229675	0.006647579852924536	0.0006836850126751415	0.04365178782492876
