MutationType	SBS96A	SBS96B	SBS96C	SBS96D	SBS96E	SBS96F	SBS96G	SBS96H
A[C>A]A	2.63E-04	8.68E-04	4.35E-04	1.34E-03	4.24E-04	2.03E-03	5.33E-04	7.16E-04
A[C>A]C	4.22E-04	6.97E-04	3.20E-04	6.40E-04	8.95E-04	1.45E-03	4.55E-04	4.06E-04
A[C>A]G	5.26E-05	1.33E-04	2.06E-04	2.01E-04	1.74E-04	4.34E-04	9.52E-05	1.50E-04
A[C>A]T	3.12E-04	7.98E-04	2.94E-04	1.06E-03	8.79E-04	1.59E-03	3.14E-04	4.72E-04
A[C>G]A	1.94E-04	3.68E-04	5.45E-04	5.19E-04	6.93E-04	1.17E-03	3.33E-04	2.64E-04
A[C>G]C	5.70E-05	1.73E-04	1.99E-04	3.95E-04	4.66E-04	6.55E-04	2.88E-04	2.28E-04
A[C>G]G	7.66E-05	2.58E-04	1.92E-04	3.55E-04	6.43E-05	6.81E-04	2.87E-04	1.03E-04
A[C>G]T	4.15E-05	3.56E-04	1.67E-04	6.70E-04	7.21E-04	9.39E-04	2.21E-04	3.02E-04
A[C>T]A	3.03E-04	6.53E-04	7.54E-04	1.13E-03	1.12E-03	2.10E-03	7.02E-04	6.04E-04
A[C>T]C	1.84E-04	6.78E-04	3.26E-04	4.05E-04	8.40E-04	1.44E-03	4.21E-04	4.79E-04
A[C>T]G	3.23E-04	5.58E-04	4.58E-04	3.65E-04	1.15E-04	1.38E-03	1.77E-03	4.36E-04
A[C>T]T	1.65E-04	8.78E-04	3.17E-04	8.63E-04	1.01E-03	1.32E-03	6.25E-04	5.05E-04
A[T>A]A	2.63E-04	5.76E-04	3.55E-04	5.91E-04	3.35E-04	7.39E-04	3.70E-04	1.98E-04
A[T>A]C	1.96E-04	4.53E-04	1.84E-04	3.15E-04	4.67E-04	4.72E-04	2.25E-04	6.99E-05
A[T>A]G	1.47E-04	4.91E-04	2.26E-04	2.95E-04	5.89E-04	5.86E-04	2.98E-04	1.50E-04
A[T>A]T	2.63E-04	2.60E-04	5.26E-04	8.22E-04	6.44E-04	9.40E-04	5.54E-04	4.75E-04
A[T>C]A	2.32E-04	8.38E-04	5.12E-04	9.94E-04	9.52E-04	1.36E-03	4.75E-04	4.14E-04
A[T>C]C	1.28E-04	3.85E-04	2.85E-04	4.25E-04	5.72E-04	1.02E-03	3.77E-04	3.22E-04
A[T>C]G	1.47E-04	6.62E-04	3.38E-04	6.83E-04	3.73E-04	1.11E-03	4.50E-04	2.17E-04
A[T>C]T	1.97E-04	6.19E-04	3.04E-04	7.56E-04	6.10E-04	9.10E-04	4.51E-04	5.06E-04
A[T>G]A	1.91E-04	2.90E-04	2.58E-04	2.88E-04	4.33E-04	5.29E-04	2.56E-04	1.39E-04
A[T>G]C	7.29E-05	1.13E-04	1.36E-04	2.56E-04	2.66E-04	3.99E-04	1.44E-04	1.58E-04
A[T>G]G	1.10E-04	3.00E-04	2.05E-04	3.03E-04	4.30E-04	4.85E-04	8.07E-05	2.57E-04
A[T>G]T	8.82E-05	1.96E-04	4.42E-05	4.61E-04	3.73E-04	5.06E-04	1.32E-04	5.74E-04
C[C>A]A	3.57E-04	8.77E-04	3.92E-04	1.08E-03	4.30E-04	1.50E-03	4.66E-04	5.68E-04
C[C>A]C	3.70E-04	8.33E-04	3.87E-04	3.97E-04	7.78E-04	9.72E-04	3.15E-04	3.78E-04
C[C>A]G	1.23E-04	1.56E-04	1.55E-04	3.30E-04	8.75E-05	3.77E-04	5.70E-05	1.62E-04
C[C>A]T	7.24E-04	1.46E-03	3.21E-04	1.10E-03	7.25E-04	1.71E-03	4.47E-04	5.48E-04
C[C>G]A	1.18E-04	3.76E-04	4.65E-05	2.78E-04	4.47E-04	5.90E-04	2.16E-04	2.84E-04
C[C>G]C	8.59E-05	3.01E-04	1.85E-04	1.70E-04	4.73E-04	4.41E-04	1.23E-04	2.52E-04
C[C>G]G	4.06E-05	7.03E-05	8.83E-05	1.80E-04	1.02E-04	2.36E-04	1.20E-04	1.89E-04
C[C>G]T	1.41E-04	3.33E-04	8.35E-05	3.88E-04	3.78E-04	7.08E-04	2.89E-04	3.02E-04
C[C>T]A	3.79E-04	3.50E-04	3.95E-04	1.01E-03	9.52E-04	1.45E-03	5.73E-04	4.43E-04
C[C>T]C	1.32E-03	5.08E-04	4.91E-04	4.90E-04	1.25E-03	1.07E-03	3.33E-04	4.69E-04
C[C>T]G	2.46E-04	3.08E-04	5.60E-04	1.01E-03	4.07E-04	1.47E-03	1.01E-03	6.80E-04
C[C>T]T	1.05E-03	8.88E-04	4.94E-04	6.35E-04	1.24E-03	7.27E-04	7.15E-04	5.08E-04
C[T>A]A	4.59E-04	7.26E-04	1.08E-04	2.75E-04	2.08E-04	5.45E-04	2.10E-04	1.89E-04
C[T>A]C	4.17E-04	5.37E-04	3.56E-04	4.96E-04	5.49E-04	6.63E-04	1.44E-04	3.41E-04
C[T>A]G	6.07E-04	1.08E-03	2.36E-04	2.10E-04	4.74E-04	5.53E-04	1.13E-04	3.10E-04
C[T>A]T	6.59E-04	1.13E-03	1.96E-04	1.40E-47	2.76E-04	7.42E-04	2.51E-04	5.95E-04
C[T>C]A	1.80E-04	5.19E-04	2.94E-04	4.39E-04	8.45E-04	1.25E-03	3.45E-04	3.33E-04
C[T>C]C	2.49E-04	7.06E-04	2.50E-04	5.14E-04	6.71E-04	1.38E-03	3.49E-04	5.97E-04
C[T>C]G	2.24E-04	5.70E-04	1.80E-04	4.62E-04	4.68E-04	8.28E-04	2.63E-04	3.38E-04
C[T>C]T	3.12E-04	7.67E-04	4.15E-04	4.65E-04	5.46E-04	9.27E-04	2.82E-04	9.37E-04
C[T>G]A	8.93E-05	3.03E-04	2.26E-05	1.63E-04	1.68E-04	3.07E-04	1.20E-04	2.51E-04
C[T>G]C	8.16E-05	2.04E-04	1.49E-04	1.75E-04	1.21E-04	2.65E-04	1.19E-04	3.23E-04
C[T>G]G	3.83E-05	4.56E-04	5.84E-05	1.80E-04	4.02E-04	5.23E-04	2.30E-04	3.13E-04
C[T>G]T	1.74E-05	1.37E-04	2.58E-07	6.78E-05	7.90E-09	3.39E-04	1.21E-04	1.42E-03
G[C>A]A	3.57E-04	1.41E-03	3.80E-04	1.37E-03	4.79E-04	2.01E-03	4.61E-04	4.73E-04
G[C>A]C	7.73E-04	1.52E-03	9.86E-05	5.90E-04	5.61E-04	9.01E-04	1.45E-04	1.32E-05
G[C>A]G	8.94E-06	1.91E-04	2.62E-04	1.54E-04	1.01E-04	3.72E-04	3.88E-05	9.22E-05
G[C>A]T	2.74E-04	9.47E-04	2.70E-04	1.16E-03	5.68E-04	1.69E-03	4.13E-04	1.64E-04
G[C>G]A	1.17E-04	3.89E-04	2.24E-04	2.85E-04	4.07E-04	4.97E-04	4.42E-05	2.75E-04
G[C>G]C	3.56E-04	7.49E-04	1.24E-04	1.89E-04	6.72E-04	5.03E-04	1.99E-04	1.96E-04
G[C>G]G	8.92E-10	1.24E-04	1.10E-04	1.42E-04	1.42E-04	1.91E-04	6.84E-05	7.91E-05
G[C>G]T	1.49E-04	5.46E-04	4.96E-05	1.72E-04	5.76E-04	2.97E-04	2.56E-05	2.89E-04
G[C>T]A	2.71E-04	8.18E-04	2.33E-04	7.30E-04	6.53E-04	1.06E-03	4.68E-04	4.80E-04
G[C>T]C	2.28E-04	1.05E-03	3.78E-04	5.73E-04	1.04E-03	1.03E-03	4.65E-04	4.30E-04
G[C>T]G	2.73E-04	5.67E-04	5.94E-04	3.77E-04	3.01E-04	8.06E-04	1.17E-03	3.77E-04
G[C>T]T	2.64E-04	1.23E-03	3.76E-04	3.03E-04	9.96E-04	1.41E-03	6.41E-04	4.57E-04
G[T>A]A	9.82E-05	5.36E-04	1.30E-04	1.38E-04	3.80E-04	5.80E-04	2.87E-04	2.49E-04
G[T>A]C	1.39E-04	3.36E-04	1.22E-04	1.79E-04	4.86E-04	4.17E-04	5.68E-05	2.57E-04
G[T>A]G	1.84E-04	4.24E-04	3.72E-04	1.75E-04	4.14E-04	3.51E-04	6.72E-05	3.58E-05
G[T>A]T	1.83E-04	5.32E-04	3.15E-04	2.79E-04	5.30E-04	7.30E-04	4.72E-05	4.23E-04
G[T>C]A	7.27E-05	7.69E-04	2.29E-04	5.09E-04	7.05E-04	9.16E-04	4.21E-04	3.02E-04
G[T>C]C	1.72E-04	6.61E-04	1.91E-04	2.27E-04	5.98E-04	8.47E-04	2.73E-04	4.43E-04
G[T>C]G	1.29E-04	3.45E-04	3.97E-04	3.59E-04	4.50E-04	7.81E-04	2.48E-04	3.80E-04
G[T>C]T	1.50E-04	8.63E-04	2.54E-04	3.89E-04	8.53E-04	9.56E-04	3.97E-04	4.69E-04
G[T>G]A	9.60E-05	1.74E-04	1.36E-04	1.62E-04	3.48E-04	4.50E-04	1.81E-04	2.18E-04
G[T>G]C	1.51E-04	2.47E-04	4.48E-05	1.80E-04	1.83E-04	2.44E-04	4.70E-05	1.97E-04
G[T>G]G	1.17E-04	3.49E-04	2.88E-04	2.31E-04	4.92E-04	5.89E-04	1.47E-04	3.33E-04
G[T>G]T	6.46E-05	1.57E-04	2.12E-04	3.31E-04	2.24E-04	4.66E-04	2.29E-04	6.36E-04
T[C>A]A	2.71E-04	9.91E-04	3.39E-04	1.26E-03	3.86E-04	1.90E-03	5.89E-04	5.08E-04
T[C>A]C	2.93E-04	6.97E-04	1.23E-04	8.52E-04	7.20E-04	1.14E-03	4.89E-04	3.39E-04
T[C>A]G	8.62E-10	9.50E-05	2.00E-04	2.05E-04	1.30E-04	4.31E-04	2.28E-04	3.12E-05
T[C>A]T	4.74E-04	1.06E-03	2.59E-04	1.75E-03	7.68E-04	2.91E-03	8.33E-04	8.48E-04
T[C>G]A	1.59E-04	5.01E-04	3.64E-04	9.11E-04	6.89E-04	9.57E-04	4.89E-04	3.04E-04
T[C>G]C	1.88E-04	3.89E-04	9.72E-05	5.86E-04	6.24E-04	7.16E-04	4.20E-04	3.00E-04
T[C>G]G	9.41E-10	1.09E-04	9.55E-05	1.69E-04	3.50E-04	3.45E-04	5.46E-05	5.60E-05
T[C>G]T	3.50E-04	7.10E-04	3.33E-04	1.15E-03	7.37E-04	1.49E-03	6.84E-04	6.09E-04
T[C>T]A	3.50E-04	8.85E-04	5.14E-04	1.35E-03	6.80E-04	1.92E-03	6.98E-04	5.87E-04
T[C>T]C	3.60E-04	1.16E-03	5.46E-04	1.50E-03	8.31E-04	2.12E-03	6.85E-04	5.16E-04
T[C>T]G	1.61E-04	4.13E-04	5.49E-04	4.11E-04	1.58E-04	6.51E-04	8.68E-04	1.92E-04
T[C>T]T	3.63E-04	1.07E-03	6.47E-04	1.74E-03	1.11E-03	2.06E-03	7.22E-04	7.96E-04
T[T>A]A	3.48E-04	8.10E-04	9.04E-04	6.77E-04	8.03E-04	8.77E-04	5.50E-04	4.44E-04
T[T>A]C	6.33E-05	6.14E-04	2.13E-04	1.14E-04	5.50E-04	8.47E-04	3.23E-04	3.45E-04
T[T>A]G	9.21E-05	4.71E-04	2.17E-04	3.06E-04	4.97E-04	5.15E-04	2.08E-04	2.43E-04
T[T>A]T	2.97E-04	7.44E-04	7.80E-04	4.38E-04	7.57E-04	1.03E-03	3.96E-04	7.11E-04
T[T>C]A	1.13E-04	8.12E-04	3.00E-04	8.89E-04	8.93E-04	1.07E-03	3.65E-04	3.52E-04
T[T>C]C	1.55E-04	5.29E-04	3.09E-04	4.45E-04	5.84E-04	1.03E-03	4.08E-04	4.68E-04
T[T>C]G	6.22E-05	5.14E-04	3.30E-04	3.51E-04	2.36E-04	8.97E-04	3.33E-04	1.90E-04
T[T>C]T	4.34E-04	7.86E-04	9.50E-04	6.14E-04	1.02E-03	6.42E-04	3.88E-04	4.50E-04
T[T>G]A	1.48E-04	4.59E-04	2.40E-04	4.54E-04	4.00E-04	7.08E-04	1.15E-04	3.17E-04
T[T>G]C	1.15E-04	2.59E-04	1.10E-04	3.70E-04	1.34E-04	4.00E-04	2.36E-05	2.16E-04
T[T>G]G	1.54E-04	5.32E-04	1.41E-04	5.31E-04	4.42E-04	7.28E-04	2.08E-04	2.71E-04
T[T>G]T	2.80E-04	3.17E-04	7.04E-04	9.03E-04	9.47E-05	7.93E-04	1.78E-04	7.43E-04
