Samples	SBS96A	SBS96B	SBS96C	SBS96D	SBS96E	SBS96F
AX4912_vs_AX4894	2.52E+00	1.41E+00	2.35E+00	2.21E+00	1.02E+00	1.61E+00
AX4914_vs_AX4895	1.38E+00	8.56E-01	1.10E+00	1.81E+00	9.71E-01	1.49E+00
AX4915_vs_AX4895	2.02E+00	1.29E+00	2.75E+00	2.46E+00	1.60E+00	1.38E+00
AX4916_vs_AX4896	1.50E+00	7.81E-01	2.25E+00	2.34E+00	1.36E+00	5.84E-01
AX4918_vs_AX4897	1.56E+00	9.91E-01	1.80E+00	1.88E+00	5.42E-01	7.58E-01
AX4921_vs_AX4898	1.93E+00	1.24E+00	3.12E+00	2.01E+00	1.73E+00	8.80E-01
AX4923_vs_AX4906	2.16E+00	1.17E+00	8.24E-01	2.08E+00	1.35E+00	6.49E-01
AX4925_vs_AX4901	3.91E+00	2.17E+00	3.12E+00	2.96E+00	1.66E+00	2.16E+00
AX4927_vs_AX4905	5.46E+00	3.41E+00	4.73E+00	2.89E+00	2.11E+00	1.59E+00
AX4928_vs_AQ5174	1.77E+00	9.20E-01	4.38E-01	2.16E+00	1.45E+00	9.68E-01
AX4930_vs_AX4900	1.17E+00	7.89E-01	3.22E+00	2.68E+00	1.72E+00	1.01E+00
AX4932_vs_AX4908	2.08E+00	7.33E-01	1.31E+00	2.12E+00	1.54E+00	9.53E-01
AX4933_vs_AX4909	8.81E+00	3.59E+00	6.54E+00	3.65E+00	4.36E-01	0.00E+00
AX4934_vs_AX4909	2.79E+00	1.22E+00	2.23E+00	2.64E+00	1.71E+00	4.00E-02
AX4935_vs_AX4910	2.31E-01	5.38E+00	1.61E+00	4.24E+00	3.46E+00	8.12E-01
AX4937_vs_AX4894	2.52E+00	1.17E+00	2.48E+00	3.40E-01	1.28E+00	1.29E+00
AX4938_vs_AX4896	9.72E-01	6.64E-01	1.15E+00	2.44E-01	6.92E-01	3.72E-01
AX4940_vs_AX4904	1.42E+00	3.01E-01	1.18E+00	2.93E-01	9.26E-01	8.17E-01
AX4942_vs_AX4898	1.70E+00	7.65E-01	1.72E+00	7.94E-01	4.54E-01	5.40E-01
AX4943_vs_AX4898	4.56E-01	3.70E-01	9.20E-01	6.81E-01	5.99E-01	4.07E-01
AX4944_vs_AX4897	2.89E+00	1.57E+00	3.74E+00	1.92E+00	2.26E+00	2.61E+00
AX4945_vs_AX4898	3.17E-01	4.19E-01	5.17E-01	3.64E-01	2.48E-01	2.64E-01
AX4946_vs_AX4895	3.41E+00	1.39E+00	4.83E+00	1.19E+00	9.15E-01	2.75E+00
AX4947_vs_AX4895	3.41E+00	1.02E+00	3.94E+00	1.23E+00	2.32E-01	2.63E+00
AX4951_vs_AX4903	5.47E+00	1.98E+00	3.50E+00	1.89E+00	5.01E+00	1.05E+00
AX4958_vs_AQ5174	2.60E+00	8.89E-01	2.96E+00	1.16E+00	6.65E-01	9.83E-01
AX4961_vs_AQ5174	2.15E+00	1.01E+00	2.25E+00	8.93E-01	4.68E-01	1.58E+00
DIAF_vs_BLOOD	6.80E+00	4.63E+00	5.59E+00	2.78E+00	1.87E+00	1.71E+00
LNMETA_vs_BLOOD	1.23E+01	8.19E+00	1.13E+01	4.57E+00	2.44E+00	3.66E+00
LN_vs_BLOOD	5.80E+00	3.06E+00	5.32E+00	3.09E+00	3.57E+00	6.83E+00
OMEN_vs_BLOOD	5.35E+00	3.46E+00	4.15E+00	1.79E+00	1.63E+00	1.43E+00
PADWRZ-01A_vs_PADWRZ-10A	5.60E-01	3.12E-02	6.46E-01	1.79E-01	1.57E-01	3.63E-01
PADYZI-01A_vs_PADYZI-10A	2.15E+00	9.10E-01	1.84E+00	1.01E+00	9.12E-01	1.84E+00
PAEHIP-01A_vs_PAEHIP-10A	6.81E-01	6.96E-01	1.16E+00	7.41E-01	9.23E-01	8.87E-01
PAJLWM-01A_vs_PAJLWM-11A	7.30E-01	5.52E-01	1.01E+00	3.29E-01	8.18E-01	5.53E-01
PAJNFP-01A_vs_PAJNFP-11A	5.65E-01	8.66E-01	6.56E-01	6.74E-01	7.99E-01	1.56E+00
PAKHTL-01A_vs_PAKHTL-11A	8.98E-01	0.00E+00	1.08E+00	3.02E-01	9.17E-01	1.16E+00
PAKLYZ-01A_vs_PAKLYZ-10A	1.35E+00	7.63E-01	1.84E+00	8.98E-01	1.59E+00	1.01E+00
PAKTCT-01A_vs_PAKTCT-11A	7.20E-01	4.46E-01	9.26E-01	6.89E-01	2.90E-01	5.92E-01
PARECB-01A_vs_PARECB-11A	3.36E-01	3.48E-01	4.52E-01	3.03E-01	3.71E-01	2.00E-02
PAREWI-01A_vs_PAREWI-11A	2.08E+00	2.83E-01	1.93E+00	4.63E-01	7.62E-01	1.66E+00
PARGRN-01A_vs_PARGRN-10A	1.68E+00	1.02E+00	2.49E+00	7.01E-01	1.57E-01	2.77E+00
PARIRN-01A_vs_PARIRN-10A	1.10E+00	4.04E-01	9.79E-01	3.44E-01	6.68E-01	7.58E-01
PARPFY-01A_vs_PARPFY-11A	1.48E+00	9.07E-01	1.73E+00	8.36E-01	1.64E-01	1.26E+00
PARZRH-01A_vs_PARZRH-10A	2.98E-01	1.95E-01	5.06E-01	3.93E-01	2.83E-01	3.11E-01
PASABD-01A_vs_PASABD-10A	1.43E+00	4.54E-01	1.51E+00	4.78E-01	9.93E-01	1.05E+00
PASADZ-01A_vs_PASADZ-10A	4.87E-01	2.97E-01	5.29E-01	4.12E-01	0.00E+00	3.44E-01
PASCDH-01A_vs_PASCDH-10A	2.72E+00	1.07E+00	2.98E+00	1.20E+00	1.83E+00	2.16E+00
PASDLA-01A_vs_PASDLA-11A	3.98E-01	3.27E-01	7.02E-01	2.58E-01	4.63E-01	5.10E-01
PASVDP-01A_vs_PASVDP-10A	9.03E-01	3.35E-01	9.94E-01	6.37E-01	5.76E-01	1.27E-01
PASWZZ-01A_vs_PASWZZ-10A	7.85E-01	3.90E-01	8.09E-01	5.26E-01	6.73E-01	8.00E-01
PASXNA-01A_vs_PASXNA-11A	5.03E-01	2.41E-01	4.71E-01	0.00E+00	9.85E-02	1.18E-01
PATAFT-01A_vs_PATAFT-10A	1.78E+00	7.05E-01	1.60E+00	9.06E-01	6.34E-01	8.97E-01
PATDVL-01A_vs_PATDVL-10A	1.82E-01	1.01E-01	2.13E-01	4.44E-01	3.28E-01	3.66E-01
PATENH-01A_vs_PATENH-11A	8.72E-01	2.59E-01	8.42E-01	5.62E-01	7.45E-01	8.80E-01
PATFXW-01A_vs_PATFXW-10A	1.29E+00	2.11E-01	1.65E+00	4.85E-01	1.07E+00	1.28E+00
PATFZZ-01A_vs_PATFZZ-10A	1.55E+00	7.43E-01	9.32E-01	8.51E-01	9.54E-01	1.43E+00
PATXEE-01A_vs_PATXEE-10A	3.07E+00	1.11E+00	3.46E+00	3.41E-01	2.07E+00	1.08E+00
PAUEKW-01A_vs_PAUEKW-10A	1.11E-01	2.45E-01	5.12E-01	3.77E-01	5.33E-01	1.94E-01
PAUFVP-01A_vs_PAUFVP-11A	1.01E+00	4.20E-01	9.01E-01	6.95E-01	5.83E-01	5.89E-01
PAUGYZ-01A_vs_PAUGYZ-10A	1.44E+00	4.90E-01	1.46E+00	3.64E-01	4.75E-01	7.12E-01
PAUHAZ-01A_vs_PAUHAZ-10A	1.37E+00	6.86E-01	1.31E+00	6.22E-01	8.13E-01	5.14E-01
PAVCKS-01A_vs_PAVCKS-11A	6.92E-01	3.50E-01	9.70E-01	4.89E-01	6.24E-01	2.75E-01
PAVYKD-01A_vs_PAVYKD-10A	6.60E-01	0.00E+00	7.36E-01	3.53E-01	4.11E-01	5.33E-01
PAWFBL-01A_vs_PAWFBL-11A	5.38E-01	4.28E-01	6.64E-01	3.70E-01	4.28E-01	3.01E-01
PAWFWK-01A_vs_PAWFWK-10A	1.09E+00	6.97E-01	1.09E+00	5.41E-02	8.83E-01	1.10E-01
SJBT030128_D1_vs_SJBT030128_G1	4.53E-01	5.00E-01	8.20E-01	4.93E-01	5.93E-01	1.90E-01
SJBT030255_D1_vs_SJBT030255_G1	1.42E+00	8.16E-01	1.22E+00	1.09E+00	8.06E-01	9.42E-01
SJBT030581_D1_vs_SJBT030581_G1	4.16E-01	2.10E-01	4.22E-01	1.86E-01	1.95E-01	1.00E-02
SJBT030997_D1_vs_SJBT030997_G1	1.10E+00	2.90E-01	1.47E+00	7.01E-02	1.02E+00	1.05E+00
SJBT031235_D1_vs_SJBT031235_G1	8.51E-01	1.02E-01	1.19E+00	6.58E-01	1.41E+00	3.52E-01
SJBT031605_D1_vs_SJBT031605_G1	1.74E+01	4.21E+00	1.66E+01	5.35E+00	3.14E+00	7.12E+00
SJBT031948_D2_vs_SJBT031948_G1	8.11E+00	6.68E+00	7.06E+00	3.26E+00	1.37E+00	2.60E+00
SJBT032346_D1_vs_SJBT032346_G1	2.18E-01	0.00E+00	5.42E-01	4.48E-01	4.99E-01	2.27E-01
SJBT032393_D1_vs_SJBT032393_G1	5.96E+00	3.09E+00	8.06E+00	2.75E+00	7.29E+00	2.21E+00
SJBT032417_D2_vs_SJBT032417_G1	1.92E+00	2.00E+00	1.76E+00	6.82E-01	1.28E+00	1.30E+00
SJBT033236_D2_vs_SJBT033236_G1	3.23E-01	1.47E-01	1.86E-01	1.94E-01	4.08E-01	0.00E+00
SJBT034089_D1_vs_SJBT034089_G1	4.58E-01	1.51E-01	2.63E-01	2.02E-01	5.30E-01	2.59E-01
SJBT034110_D2_vs_SJBT034110_G1	1.31E+00	5.79E-01	1.17E+00	6.55E-01	9.74E-01	5.36E-01
SJMRT014754_D1_vs_SJMRT014754_G1	2.20E+00	1.36E+00	1.93E+00	1.46E+00	4.63E-01	0.00E+00
SJMRT015723_D1_vs_SJMRT015723_G1	2.54E+00	2.08E+00	2.64E+00	1.26E+00	1.76E+00	1.57E+00
SJMRT063832_X1_vs_SJMRT063832_G1	3.93E-01	3.32E-01	1.97E-01	3.12E-02	1.57E-01	4.22E-02
