NMF_Replicate	L1	L1 %	L2	L2 %	KL Divergence	Correlation	Convergence Iterations
1	412.797	51.738	66.141	47.258	0.295	0.756	150000.0
2	411.591	49.618	62.777	44.639	0.28	0.775	50000.0
3	419.423	50.486	65.159	45.619	0.287	0.77	80000.0
4	415.427	51.801	66.669	47.234	0.296	0.76	310000.0
5	410.222	51.184	65.056	46.467	0.295	0.763	20000.0
6	411.644	51.454	65.941	47.194	0.299	0.756	70000.0
7	412.457	50.582	63.857	45.456	0.288	0.77	160000.0
8	411.584	51.428	65.59	46.818	0.301	0.762	20000.0
9	410.185	51.787	63.895	46.784	0.291	0.764	130000.0
10	415.637	51.951	65.047	46.912	0.299	0.763	70000.0
11	412.957	51.243	64.3	46.193	0.28	0.774	40000.0
12	414.952	51.478	64.213	46.596	0.29	0.762	100000.0
13	412.737	49.77	63.068	44.911	0.279	0.773	190000.0
14	409.578	51.72	64.229	46.98	0.307	0.76	70000.0
15	408.842	50.916	65.269	46.55	0.285	0.765	90000.0
16	417.219	51.425	64.579	46.665	0.289	0.763	130000.0
17	413.524	51.181	63.626	46.377	0.296	0.762	40000.0
18	413.819	50.082	63.745	45.213	0.279	0.774	70000.0
19	418.105	52.046	65.976	46.96	0.296	0.765	60000.0
20	417.948	51.887	65.773	46.935	0.289	0.769	20000.0
21	412.689	51.721	65.891	46.993	0.293	0.76	50000.0
22	405.12	51.108	63.671	46.573	0.287	0.769	80000.0
23	411.192	51.586	64.209	46.642	0.29	0.765	60000.0
24	414.702	51.592	66.526	47.122	0.287	0.762	100000.0
25	415.697	51.029	63.965	46.293	0.289	0.764	80000.0
26	404.756	51.502	63.422	46.585	0.295	0.764	30000.0
27	414.669	51.006	64.158	46.26	0.287	0.767	70000.0
28	411.194	52.037	64.457	46.994	0.288	0.767	20000.0
29	407.503	50.899	65.284	46.631	0.29	0.762	70000.0
30	413.606	51.624	65.917	46.903	0.291	0.763	190000.0
31	409.615	51.845	63.95	46.981	0.296	0.762	60000.0
32	412.704	51.741	64.445	46.394	0.293	0.768	40000.0
33	409.595	51.202	64.027	46.508	0.283	0.768	110000.0
34	412.275	51.473	66.343	47.124	0.292	0.762	50000.0
35	414.547	50.902	63.852	46.193	0.286	0.765	110000.0
36	415.46	51.695	66.727	47.333	0.296	0.756	20000.0
37	414.289	51.17	64.033	46.15	0.298	0.766	50000.0
38	415.934	50.348	63.568	44.953	0.292	0.767	50000.0
39	415.129	51.509	64.994	46.39	0.284	0.772	130000.0
40	413.828	51.474	64.829	46.5	0.283	0.771	80000.0
41	412.562	51.089	64.553	46.526	0.289	0.767	30000.0
42	412.543	52.409	66.38	48.019	0.301	0.752	30000.0
43	413.424	51.039	63.841	45.974	0.297	0.766	100000.0
44	412.532	51.858	64.669	46.998	0.298	0.765	110000.0
45	408.539	50.876	63.239	46.189	0.288	0.765	70000.0
46	414.614	50.87	63.678	45.691	0.288	0.772	100000.0
47	414.74	51.722	65.69	47.112	0.296	0.758	30000.0
48	409.918	51.894	63.901	47.044	0.301	0.76	30000.0
49	414.239	51.186	66.098	46.948	0.292	0.76	220000.0
50	404.265	51.161	63.418	46.259	0.281	0.774	100000.0
51	415.01	51.44	64.456	46.799	0.299	0.757	50000.0
52	416.394	52.195	66.538	47.369	0.301	0.758	30000.0
53	410.09	51.968	64.268	47.054	0.295	0.762	80000.0
54	412.519	50.747	63.653	46.082	0.279	0.77	80000.0
55	409.105	50.614	65.747	46.545	0.283	0.769	50000.0
56	415.418	51.547	64.278	46.877	0.289	0.758	90000.0
57	413.338	50.959	63.826	45.835	0.292	0.773	20000.0
58	408.968	51.884	63.605	47.005	0.297	0.762	80000.0
59	413.538	50.921	63.945	46.009	0.292	0.767	160000.0
60	416.883	50.954	64.462	46.272	0.284	0.767	60000.0
61	410.238	51.426	66.063	47.01	0.289	0.762	30000.0
62	412.809	52.112	63.929	47.001	0.293	0.76	90000.0
63	411.646	51.272	65.385	46.693	0.285	0.762	30000.0
64	414.812	51.265	65.872	46.382	0.289	0.77	50000.0
65	412.867	51.544	66.035	46.893	0.295	0.764	30000.0
66	415.37	51.06	63.792	45.923	0.286	0.771	40000.0
67	414.521	51.058	63.729	45.861	0.288	0.774	60000.0
68	409.753	50.819	63.149	45.728	0.289	0.772	170000.0
69	411.374	52.079	63.928	47.044	0.299	0.761	30000.0
70	410.642	52.177	65.696	47.484	0.293	0.759	90000.0
71	412.895	51.048	63.891	46.002	0.292	0.77	30000.0
72	410.965	51.323	65.996	46.927	0.302	0.76	70000.0
73	411.631	51.823	64.599	46.706	0.295	0.765	110000.0
74	415.331	52.253	66.725	47.781	0.304	0.751	20000.0
75	416.506	51.952	65.024	46.776	0.302	0.768	30000.0
76	410.761	51.754	65.779	47.052	0.295	0.762	60000.0
77	415.897	51.739	64.38	46.793	0.304	0.758	70000.0
78	406.071	51.484	63.459	46.694	0.292	0.766	110000.0
79	410.129	51.468	63.572	46.616	0.298	0.763	70000.0
80	407.293	51.285	63.292	46.394	0.292	0.77	100000.0
81	407.999	51.537	63.955	46.683	0.296	0.764	70000.0
82	415.361	51.297	64.656	46.458	0.289	0.766	30000.0
83	417.723	51.71	66.603	46.938	0.29	0.765	40000.0
84	414.142	51.424	66.17	46.8	0.285	0.766	50000.0
85	408.744	51.702	63.723	46.791	0.298	0.76	50000.0
86	415.527	51.715	66.035	47.065	0.292	0.761	80000.0
87	412.733	51.319	65.227	46.698	0.287	0.77	30000.0
88	410.455	51.169	65.723	46.871	0.29	0.76	50000.0
89	409.815	51.348	65.831	46.988	0.298	0.759	20000.0
90	407.341	51.223	65.531	46.896	0.286	0.764	70000.0
91	408.517	51.369	65.598	46.803	0.291	0.762	50000.0
92	416.981	51.158	63.974	46.534	0.283	0.763	220000.0
93	412.172	50.373	63.929	45.945	0.282	0.768	140000.0
94	415.67	50.806	64.228	45.823	0.283	0.773	30000.0
95	408.945	51.569	65.85	47.299	0.298	0.754	30000.0
96	408.264	50.893	64.906	46.169	0.285	0.772	110000.0
97	406.759	51.544	63.788	46.588	0.285	0.769	80000.0
98	414.566	51.842	66.409	47.265	0.295	0.758	100000.0
99	411.855	51.788	64.188	46.746	0.296	0.767	160000.0
100	409.522	50.903	66.028	46.75	0.281	0.766	40000.0
