MutationType	SBS96A	SBS96B	SBS96C	SBS96D	SBS96E	SBS96F	SBS96G	SBS96H	SBS96I
A[C>A]A	0.002537940447767274	0.044997418001294136	0.011575151616707444	0.0071923849865299875	0.004711673035235436	0.035801557728555054	0.016431191377341746	0.011566229057498276	0.01000943339546211
A[C>A]C	0.0008003908149839845	0.01474052815232426	0.013707661828957498	0.0045186720990386675	0.024933903803466818	0.03382567510008812	0.010136882012011484	0.002719649790378753	0.005875218985602259
A[C>A]G	0.002985879558837041	0.004235086336266249	0.0011843795568336902	0.00091538597798945	0.0004475513876968762	0.0025507073186236085	0.002537027941434644	0.0003485505481439688	0.003885128165482712
A[C>A]T	0.0005619563650589043	0.018202503966167568	0.007835681420301853	0.016801015611272306	0.006535263527184725	0.03679155131801963	0.0050733904798107785	0.0059904929180629556	0.0011072590772288747
A[C>G]A	0.009123034367803484	0.011278656916692853	0.008675384708913042	0.008000265411101281	0.0031273826670076233	0.015691199749708177	0.0027058857834344964	0.0018897344823926687	0.036371298637241124
A[C>G]C	0.007122938768006861	0.008404706055298448	0.005970695268333656	0.0042732452921336525	0.0016531884489086224	0.005350475250161253	0.0033580451924353897	0.0011225517243321549	0.004261707105433743
A[C>G]G	0.0034810947510413824	0.000715914201441592	0.0010311368149189093	0.001219664458403713	0.0006781106867947528	0.0047288122621717684	0.0050242858263663944	0.001959863112133462	0.002084896451621674
A[C>G]T	0.01313306177733466	0.008911267251241951	0.010946148904622532	0.008095097406185232	0.002734076626948081	0.012813363270436424	0.005123364737955854	0.0026488814002368598	0.004446624249248998
A[C>T]A	0.019873957503587007	0.01721090283477679	0.012269240688195111	0.02098638082033587	0.0015429882472470446	0.041206900496035814	0.022807728610932828	0.007951439793687313	0.09451567232608796
A[C>T]C	0.012649099864065648	0.006528594243573025	0.020287088772747666	0.011144195478409528	0.0017042030366839888	0.019470923552289604	0.004576327638351359	0.002278559844201169	0.00280644181642856
A[C>T]G	0.005641116080902191	0.013935066088266305	0.007656374152867588	0.013837751519341017	0.006896978480353937	0.0282754853228117	0.2317668491601944	0.018606447605416177	0.0012705499933495946
A[C>T]T	0.02376642662100494	0.013420370840467512	0.01986316426540725	0.008809701091377065	0.004063336490071378	0.02342403357848525	0.02275272527709603	0.008834285512566566	0.004621933284379338
A[T>A]A	0.004907813956669997	0.008163560251705348	0.012787329487036914	0.002481498482255308	0.005732627410907298	0.011575321780983359	0.01125945262145251	0.006367856345605105	0.008566217350307851
A[T>A]C	0.0010186056422111286	0.0006628936904598959	0.006619391292042564	0.008549515039776452	0.005549838540609926	0.011135042466485175	0.002801446094545099	0.0023552856777678244	5.9391853184109775e-05
A[T>A]G	0.006725803617155179	0.0024746163974714496	0.012282626930100378	0.004733414689544588	0.0017513848710223102	0.011988556804135441	0.004306156987731811	0.0021347087899495063	0.006015554107103558
A[T>A]T	0.0037847193408379097	0.012338374843820929	0.006604923866616446	0.01576174789806828	0.006585476242471486	0.01994931846857071	0.016223807795904578	0.01156321755843237	0.022423052722588183
A[T>C]A	0.026106422734446823	0.023523168209940194	0.028955949684605003	0.018831823454238474	0.0012400889283960418	0.0072151664749253545	0.007194347629556432	0.008632389062549919	0.033882710104808214
A[T>C]C	0.02150733882561326	0.006600692714564502	0.005468034126316019	0.0031131086372988646	0.0003504389120644191	0.008826728274580092	0.003170028262418624	0.008156125596724451	0.0047762286599729005
A[T>C]G	0.02852764608338475	0.01158139752689749	0.004610501424031516	0.009402229082770646	0.00016075058457772683	0.0032407245268538222	0.010073352232575416	0.004704490816802718	0.004591601520660333
A[T>C]T	0.02698392078280449	0.013613438697066159	0.028994355803588404	0.014213776080869139	0.002829478878629743	0.012546864621690475	0.010308180870488286	0.011367269428446888	0.005365038432064467
A[T>G]A	0.00949812271632254	0.002188174664370308	0.005499041009461508	0.003302139716979582	0.003225286850356497	0.004150906419527018	0.002540221977572324	0.0024319929315242917	0.0035325955064772073
A[T>G]C	0.004075612633023411	0.002210210482298862	0.0022204099449299975	0.0001914455358553414	0.0007041424285853282	0.00235925702174427	0.0015581902657504543	0.0037813137914054096	0.001107052041116745
A[T>G]G	0.004984906942117959	0.0020571123309491668	0.005201005856652046	0.00825735114980489	0.0011204311127949041	0.006668303975020535	0.00048644893282471456	0.0029089764028321953	0.00325653366966435
A[T>G]T	0.005616384998429567	0.008737435608636587	0.00120545049571656	0.007855263451210917	0.0005066602022998268	0.0010425119462888688	0.0007207445070525864	0.030329507198184728	0.0025482974387001003
C[C>A]A	0.005328037358412985	0.0458603648468852	0.010825029393045287	0.009690120383747853	0.02273545889183879	0.024709104653447868	0.0056929053631029096	0.006436113629024476	0.007615950934123248
C[C>A]C	0.004149849094683304	0.012649903155397624	0.014750443670200184	0.0007570027436850069	0.01904356141574681	0.02050654845777899	0.0025147722976092725	4.714569419306258e-09	0.01660758659709245
C[C>A]G	0.008381599108688534	0.004281578080262988	0.0013782302673644154	0.0007992133067356457	0.0019707764987833797	0.0004947064560110448	0.0037365599967525086	2.4421874256219667e-06	0.0018840038007328275
C[C>A]T	0.0003677370223247034	0.04145872734487057	0.013175919314380734	0.004696686239725523	0.049794353060424325	0.019617228588322176	0.00536650418162651	0.006081943577155471	5.424688538369083e-09
C[C>G]A	0.002693750094940981	0.007159834003541619	0.011063682503881865	0.0029621092858724296	0.0005414962887516594	0.011259408874902874	0.0007198034011270238	0.0025406182318295123	0.0003132366841498618
C[C>G]C	0.0020943032031437493	0.005527681122766808	0.009532615597127005	0.002686875626674085	0.0008969628871636814	0.00858663028862793	0.0003555302496170043	0.0020059294790007696	0.001977568808155219
C[C>G]G	0.008086641761474311	0.0008144711406202987	0.0011747173286858015	0.0010133524378931297	0.0003929659114237438	0.0009754823594266782	0.002535869370913133	0.0011848889870579703	0.001245513292454561
C[C>G]T	0.0029064597170133767	0.008160584231372923	0.010607188418169357	0.005506821052972555	0.0030565390561241657	0.009656982093583793	0.0008700761776571487	0.005028641038807109	1.3926166253304118e-05
C[C>T]A	0.02086302046664059	0.0163594629522413	0.009972404341824585	0.030625003203749657	0.030038948841392993	0.011103340358968126	0.01193862498854287	0.005512175270123407	0.008859237376600503
C[C>T]C	0.02123483275528997	0.007520930543508537	0.007908085739332035	0.014607843548474194	0.15287704542279243	0.0004712033545365557	0.004560117768856761	0.0032645719630818347	0.00323065470596589
C[C>T]G	0.0196518203150481	0.0064241428267756365	0.011200457699596883	0.026502810856327413	0.005992357521317899	0.012617466867959592	0.12023122027516366	0.00998151006642729	0.005134465295218433
C[C>T]T	0.01833655627910048	0.003065974308992736	0.029176127342542955	0.021639473121613264	0.1245449908822775	0.009314045730789075	0.010240009234985336	0.009006244322517887	0.00401123919159204
C[T>A]A	0.0022657991638334353	0.0008719672138088711	0.01069118901679758	0.0015546883641945897	0.03540736947208643	0.008153230788884684	0.00040128499837010167	0.0008225195584054745	0.001698176670160052
C[T>A]C	0.0028594510827679187	0.0016933834451629082	0.0027679723804612875	0.0032027798320632427	0.02897950345650315	0.013960717166773974	0.0036050526695908048	0.0060822477808687835	0.016470666881650685
C[T>A]G	0.01583344769664109	0.00022084078504121862	0.007928118395791514	0.0025895744517220056	0.037179590398445726	0.004223885725223228	0.0001647532134666108	0.005751555811148137	0.0063807737971137615
C[T>A]T	0.004210542578221066	0.003783491301583126	0.007919423150511378	0.0029625642450992018	0.05146072134375572	0.021018311306834223	0.0031677645445597593	0.02297800000756979	0.004838045701035298
C[T>C]A	0.032121202368289234	0.005770752022508532	0.008425332509214059	0.0070440575065731535	0.0056551181781105695	0.004157896075594586	0.0022768080660898705	0.002636982613330474	0.0006953404858388801
C[T>C]C	0.024537032088264823	0.005416641582269221	0.006935984019182797	0.004377277532562367	0.007457749687600881	0.018682408966124057	0.0027648718818090857	0.020162477791309356	0.0025556488138997234
C[T>C]G	0.03326090641319752	0.0060713855348876675	0.003557592960862285	0.008133369713032152	0.006655890182591975	0.0013488487363413867	0.0008771998219876312	0.013419103785417974	1.870842751827695e-08
C[T>C]T	0.031653992496430874	0.0026545838863307834	0.003914927457808517	0.006256334016414555	0.012705619409680367	0.004868703637912404	0.0012811636274112535	0.0953950721770525	0.014727696003392339
C[T>G]A	0.005303283511893824	0.0037822696095099672	0.005002720272459555	0.0018824263343412894	0.0014287703726677137	0.0009398131618945627	0.0010402517049743665	0.006166865639388561	1.264177562632085e-09
C[T>G]C	0.00458530482603237	0.0030286502238595857	0.0009521005765418533	0.001227987930033123	0.0014592135530619998	0.0011197827791329473	0.00036793443679925984	0.015553334448486566	0.003556873155757785
C[T>G]G	0.009116770236287266	0.0015030602522529079	0.005815811600186862	0.0029460264119552447	0.001561524667042864	0.008076672558672726	0.0029149247461464256	0.00667978323996067	2.2137849896495254e-05
C[T>G]T	1.5121942240625687e-07	7.891583476462586e-05	0.0009356136451318798	3.0977386963115803e-07	0.0012465449967145404	0.001590076529915868	3.410589224965338e-07	0.21702427566051483	2.5798501629981097e-08
G[C>A]A	0.00987104103434831	0.060898296535015106	0.01091502221171024	0.0052116419997764755	0.014610133550595492	0.02506447369698435	0.006868959853018168	0.004042887266841717	0.0064514970854676786
G[C>A]C	0.0006064676470084862	0.012960904317442328	0.021657494290921026	0.000891084796992061	0.04652459695003927	0.008898482062504627	0.0001612627267326161	0.002059413097376819	0.004553865482651531
G[C>A]G	0.009173690690658987	0.003196838031290099	0.0014685973654559347	5.244402686003014e-05	0.0007502464443075496	0.00011519501167640555	0.001163396557763246	0.00036725941648971803	0.002741567342034443
G[C>A]T	0.005522837938042357	0.0459970873594284	0.01167378908052342	0.0057108298177593044	0.006723225795431062	0.014067712270189077	0.002308536715108387	0.004196125523885712	0.002507723470472456
G[C>G]A	0.005717988472897559	0.0027378630898532595	0.011970050186018853	0.002335750559923326	0.001876821319827542	0.005147553546412382	0.0002491203947147014	0.002405390234780498	0.002013403353796832
G[C>G]C	0.0092801777810746	0.0016428474954591366	0.010936468728177716	0.00019443747165496462	0.01911057323217392	0.003520207738656609	0.0005069854331894419	0.0003921947099332712	1.7001253572197784e-05
G[C>G]G	0.0032856572105083616	0.0005383724833700398	0.0011624690470853239	0.00033064879986540065	0.0003821251455201491	0.001774575706658652	0.0005232180711233525	0.0003880930920956516	0.002056247028026306
G[C>G]T	0.005019532050940103	0.0008172940920849214	0.011895023975521326	0.0052912145037407755	0.003616241459385492	0.007722656702389941	0.000493558393100102	0.001834250144173709	0.0013149711070548165
G[C>T]A	0.01631392756011559	0.008816000984515994	0.030282791485078633	0.01494572937488556	0.00906303860945627	0.016211229544132948	0.014912199396640062	0.004838320927228778	0.00281332129565385
G[C>T]C	0.01524437390966341	0.007408821085409727	0.027579829506576062	0.010782927063992247	0.010099270781502127	0.010120159885846079	0.01260309693403542	0.006130217441823333	0.0027093037157101207
G[C>T]G	0.004391359938401491	0.0020672632871260653	0.02270511649781838	0.0382970230281353	0.003748944404273971	0.0057783441109950226	0.13719768933951854	0.01135849993210286	0.0141702197259292
G[C>T]T	0.026232379833236338	0.0034339464568980205	0.032497176141478124	0.005472929166957869	0.006223196428036318	0.027347434144467116	0.010109414852922782	0.008114140648394823	0.002517817021920905
G[T>A]A	0.004403289551846683	0.001235581153014209	0.006895590792119037	0.0016223594362668957	0.003973766028939281	0.008618127388181164	0.0025598449254704294	0.0007703166163571762	0.00016634207611552655
G[T>A]C	0.0019067799476988512	0.0004273734977555116	0.0035922800247683282	0.005787294126785128	0.004184000822715461	0.007755657843081281	0.0004365199461955882	0.002553958717310678	1.234007493703615e-05
G[T>A]G	0.009150502770207822	3.2127093436429274e-05	0.006625311370007694	0.00037372830645836073	0.0032760189042892306	0.004926701091389987	0.00041430114251852503	0.00024833134919937993	0.02165818490087986
G[T>A]T	0.0031614782382325757	0.0004765562738612061	0.008424458608496934	0.006588545784258031	0.0023616702303115742	0.015253900261595845	0.001961139529699906	0.00848773960256949	0.006499569577647639
G[T>C]A	0.0223225886747241	0.007751438203267753	0.017747664221969897	0.007810557466070111	0.0010373685840568215	0.006159662855789065	0.004660548402098357	0.007346748393028974	0.004018416567260204
G[T>C]C	0.019303571591153743	0.0018467191685908801	0.006307082515268145	0.0004523341027379502	0.012809167811647058	0.0056216586582013405	0.00752536382060498	0.01071894871070981	0.0015372824681971053
G[T>C]G	0.019740199744701384	0.0009251654292728195	0.004106392720350931	0.002956062521843705	0.0022578673444513695	0.0030742594860203097	0.004063540966599249	0.007962046893080697	0.028080675806850194
G[T>C]T	0.036253869645297525	0.006301913513307227	0.01347041438377346	0.006945936374255486	0.006357459414284676	0.0028775754316302483	0.008181950274156406	0.010336712282150985	0.0019987778583885076
G[T>G]A	0.008418507198803127	2.514083382266108e-05	0.002025083018379519	0.0021605015691000063	0.000795627100233105	0.002680709382693749	0.0016667495739966399	0.0004838460611409978	2.3455865512032048e-05
G[T>G]C	0.004585402447264642	0.0002552972258129072	0.0009071644885628416	0.0006454373690181114	0.004200797116209287	0.0016355216042575193	0.00032965945181189226	0.0045827563072089105	0.00015156673440245072
G[T>G]G	0.008962181154638529	0.0003588493139568527	0.004198819175653626	0.0013175996982317884	0.0023630781412066425	0.008781815613619983	0.0022365227185195393	0.0030008216213900595	0.00218830529284844
G[T>G]T	0.003857375658408273	0.0029375509740202687	0.003152523598691914	0.005201649193368212	0.0007951537970608166	0.0019693224178990933	0.0019092715937949834	0.05611943874508143	0.002382044904182976
T[C>A]A	0.0063964916230179365	0.0620575513318181	0.009075408542266815	0.012462178757559741	0.008125673494068906	0.019054351110826248	0.005080864435283275	0.005599119780818	0.0015750595639667608
T[C>A]C	0.0034070251024104436	0.03138446245342493	0.01870052400045097	0.006374723580954495	0.013627570300013759	0.016043391835410148	0.0030929264075274434	0.004908712651813403	7.408994449065176e-09
T[C>A]G	0.0031841846008319407	0.006306135237682611	0.0006556509669690059	0.0011787572223983798	0.00010726356771556311	0.001119456324231578	0.0016450862660713028	5.476367405665705e-09	0.0001399567683769476
T[C>A]T	0.0006246978964619672	0.09779579117894173	0.007161678863049019	0.02914347101468593	0.016909134443849325	0.02735469026883965	0.00577271287154872	0.011933993636630476	0.0070107330149039625
T[C>G]A	0.0038920833314637095	0.00805495069231256	0.02232736490725074	0.035836881566792725	0.0026077594228570435	0.0020394652448885607	0.0018023860717221527	0.002859679488137772	0.002608973132258964
T[C>G]C	0.004741407224428258	0.005540273647641548	0.013663210522790905	0.02104349875822663	0.001415547622964368	0.004548863153161536	0.0016869145591535538	0.0014895536895801343	0.0014537302806846952
T[C>G]G	0.004345813863910735	0.0006930748592276359	0.002144635278509668	0.0013587060282375773	0.00014348990611324553	0.0023037115049373822	0.000794422842974759	0.0006463143130313576	0.0023172187122975797
T[C>G]T	0.003359429368397021	0.027920244634151457	0.022090744812740013	0.052560545075684785	0.009699493279622402	0.009379959507496096	0.0020167583699524628	0.003540022044617217	0.004467728948250737
T[C>T]A	0.00943180989008397	0.028042943654581903	0.01080881938288325	0.08370895147323608	0.005421078228202481	0.014707731462189077	0.005190269080758345	0.004742408850870561	0.005469329231829363
T[C>T]C	0.009337311532872263	0.00843045193235124	0.027058427677256986	0.05830937582999468	0.012716404965613038	0.01047525973482274	0.013791026356630027	0.004146844696660992	0.010324749887204235
T[C>T]G	0.009527857691282407	0.008687464326212648	0.008369628893851767	0.014806627206271515	0.0025360500112947193	0.008516336025422788	0.09853805765509606	0.006810185436625034	0.010649817035882733
T[C>T]T	0.009280498466709648	0.010207509272731896	0.033990669371560214	0.0897190223261714	0.017559878663159906	0.015941552243893965	0.01036031465337146	0.012053291804040783	0.007332020359463058
T[T>A]A	0.0007227616166488904	0.008237782071519177	0.010276743877620903	0.01126140885753557	0.00764299821050372	0.011884427478071303	0.005932449367537629	0.008019023949746042	0.13559764072299005
T[T>A]C	0.001400004334080336	0.0042417409212794155	0.009470019125146792	0.0029859334281354677	0.0009232490484282608	0.014495687715243549	0.001696895380046044	0.0036861282523022966	0.0028240011920516394
T[T>A]G	0.0063804867886938154	0.0013361800991697236	0.007840761470142753	0.0012503681116504595	0.0017147311056032776	0.00878277315525338	0.002408288546321273	0.0033002190943807364	0.001531942060543514
T[T>A]T	0.0012115963934979845	0.00786724739842839	0.009437566810902354	0.008664907619008773	0.009555049387272448	0.027836071504279972	0.009051815312559483	0.01602870211005211	0.09047324389219284
T[T>C]A	0.02302535105496645	0.017042174795642497	0.025605009801220147	0.010638844237982994	0.0022430399965014656	0.003812488978604165	0.003781767568910652	0.009363506669178605	0.004106909393468641
T[T>C]C	0.035999183002859356	0.002552806813991992	0.009743129364360358	0.01282379224197939	0.003277713792049326	0.011690562489675357	0.004549984564146143	0.013181938463822008	0.010152279587928206
T[T>C]G	0.018915305165573954	0.0028763203365087973	0.005537954776792306	0.006070564118854236	0.0009073596795607404	0.0035378456882062892	0.003911117418319918	0.005510899891960435	0.002895064477901457
T[T>C]T	0.029435642156749965	0.007537801061698701	0.012093484403086578	0.014299404383831437	0.013143374742357992	0.0002874756499666498	0.0017582634695409638	0.012551595666445791	0.14445260487496853
T[T>G]A	0.01080325509654358	0.00668377289432101	0.00955540360766463	0.0015610073947755153	0.0029552145709749312	0.002534528455580585	0.0005839929051580839	0.0073265776503831145	0.002833019484265087
T[T>G]C	0.008718211678788066	0.004224066828610376	0.0022728586838794795	0.002137591239225003	0.00026804786855791476	0.0012878485703186017	0.0005673190310699284	0.0051691189303528515	0.0007980287809229658
T[T>G]G	0.013999586105346679	0.006985667855478823	0.004914048593491316	0.005759232519412762	0.0032684612402226775	0.0072374315722845495	0.0017404996482218848	0.004682828604709357	0.002122282371943953
T[T>G]T	0.003878153489940814	0.011312643676064908	0.007946815718869403	0.01851376999169588	0.004222684594060202	0.00192326305533228	0.0006425928528915392	0.06934376258403063	0.06706053122878075
