MutationType	SBS96A	SBS96B	SBS96C	SBS96D	SBS96E	SBS96F	SBS96G	SBS96H
A[C>A]A	1.63E-04	6.70E-04	6.25E-04	7.39E-04	2.49E-04	3.94E-04	2.61E-04	3.91E-04
A[C>A]C	9.31E-05	4.35E-04	5.65E-04	4.75E-04	3.89E-04	3.36E-04	1.26E-04	3.08E-04
A[C>A]G	7.02E-05	8.87E-05	9.70E-05	1.22E-04	3.75E-05	1.15E-04	3.77E-05	2.29E-04
A[C>A]T	7.53E-05	3.67E-04	4.71E-04	3.80E-04	2.02E-04	3.23E-04	2.18E-04	1.46E-04
A[C>G]A	1.45E-04	2.40E-04	3.45E-04	2.62E-04	1.03E-04	2.37E-04	1.45E-04	5.11E-04
A[C>G]C	9.85E-05	1.60E-04	2.47E-04	1.81E-04	9.40E-05	1.91E-04	1.13E-04	2.61E-04
A[C>G]G	8.22E-05	8.04E-05	1.28E-04	1.27E-04	5.46E-05	1.74E-04	9.29E-05	1.79E-04
A[C>G]T	1.99E-04	2.30E-04	4.59E-04	2.86E-04	1.55E-04	2.52E-04	1.81E-04	2.14E-04
A[C>T]A	2.58E-04	4.07E-04	7.07E-04	4.98E-04	1.59E-04	5.02E-04	2.57E-04	8.75E-04
A[C>T]C	1.88E-04	2.63E-04	5.14E-04	3.21E-04	1.53E-04	2.55E-04	1.09E-04	2.23E-04
A[C>T]G	9.32E-04	5.58E-04	1.01E-03	8.10E-04	3.39E-04	1.29E-03	3.59E-04	2.27E-04
A[C>T]T	2.39E-04	3.32E-04	4.64E-04	3.25E-04	1.99E-04	3.24E-04	2.25E-04	2.29E-04
A[T>A]A	1.47E-04	2.51E-04	3.68E-04	2.49E-04	1.36E-04	2.40E-04	2.27E-04	3.45E-04
A[T>A]C	8.72E-05	1.03E-04	3.01E-04	2.31E-04	1.17E-04	1.90E-04	1.26E-04	4.02E-05
A[T>A]G	1.50E-04	1.79E-04	3.78E-04	2.53E-04	1.16E-04	2.23E-04	1.25E-04	3.72E-04
A[T>A]T	1.59E-04	3.10E-04	5.10E-04	3.00E-04	1.49E-04	3.23E-04	2.81E-04	4.24E-04
A[T>C]A	2.70E-04	3.71E-04	6.38E-04	3.94E-04	1.89E-04	3.53E-04	1.97E-04	6.56E-04
A[T>C]C	2.26E-04	2.00E-04	2.31E-04	2.43E-04	5.86E-05	2.38E-04	1.94E-04	3.68E-04
A[T>C]G	2.32E-04	2.32E-04	3.55E-04	1.72E-04	4.20E-05	2.82E-04	2.12E-04	2.57E-04
A[T>C]T	3.07E-04	3.81E-04	6.99E-04	4.20E-04	2.38E-04	3.45E-04	2.72E-04	3.26E-04
A[T>G]A	1.47E-04	1.09E-04	1.91E-04	1.70E-04	8.79E-05	1.45E-04	1.28E-04	1.80E-04
A[T>G]C	8.73E-05	8.99E-05	4.96E-05	1.11E-04	4.22E-05	9.87E-05	1.21E-04	1.28E-04
A[T>G]G	1.17E-04	1.25E-04	2.37E-04	1.80E-04	8.15E-05	9.54E-05	1.50E-04	2.02E-04
A[T>G]T	1.19E-04	2.00E-04	3.15E-04	6.02E-05	4.53E-05	1.12E-04	3.03E-04	2.19E-04
C[C>A]A	1.52E-04	5.16E-04	6.51E-04	6.94E-04	2.99E-04	3.46E-04	2.20E-04	2.87E-04
C[C>A]C	1.54E-04	3.26E-04	2.72E-04	3.57E-04	2.76E-04	2.24E-04	1.55E-09	4.03E-04
C[C>A]G	1.02E-04	1.21E-04	9.18E-05	8.85E-05	7.68E-05	1.43E-04	1.35E-06	2.01E-04
C[C>A]T	1.21E-05	5.34E-04	5.92E-04	6.58E-04	6.59E-04	3.84E-04	2.54E-04	3.40E-09
C[C>G]A	1.02E-04	1.94E-04	2.56E-04	2.01E-04	8.34E-05	1.07E-04	1.48E-04	8.43E-05
C[C>G]C	9.14E-05	1.71E-04	2.42E-04	1.87E-04	7.92E-05	8.68E-05	1.12E-04	1.56E-04
C[C>G]G	1.14E-04	6.22E-05	9.25E-05	8.44E-05	3.54E-05	1.01E-04	8.05E-05	1.16E-04
C[C>G]T	1.10E-04	1.86E-04	2.62E-04	1.94E-04	1.07E-04	1.33E-04	1.50E-04	1.29E-05
C[C>T]A	2.48E-04	4.13E-04	5.71E-04	4.06E-04	2.77E-04	3.47E-04	1.79E-04	3.92E-04
C[C>T]C	5.41E-04	5.12E-04	1.38E-03	1.27E-14	7.32E-04	4.42E-04	2.04E-04	3.10E-04
C[C>T]G	5.04E-04	3.69E-04	8.34E-04	4.49E-04	2.25E-04	7.14E-04	2.35E-04	3.40E-04
C[C>T]T	4.15E-04	4.16E-04	1.17E-03	4.47E-04	4.93E-04	4.61E-04	2.83E-04	3.46E-04
C[T>A]A	1.44E-04	1.37E-04	5.31E-04	2.46E-04	3.11E-04	7.85E-05	6.73E-05	1.73E-04
C[T>A]C	1.12E-04	1.78E-04	4.74E-04	2.66E-04	2.89E-04	2.25E-04	2.23E-04	3.40E-04
C[T>A]G	2.34E-04	5.82E-05	5.26E-04	2.90E-04	3.26E-04	5.14E-05	1.86E-04	3.01E-04
C[T>A]T	1.62E-04	2.75E-04	7.19E-04	3.10E-04	4.19E-04	2.81E-04	3.10E-04	2.33E-04
C[T>C]A	3.10E-04	2.18E-04	3.97E-04	2.99E-04	1.49E-04	2.06E-04	1.23E-04	1.21E-04
C[T>C]C	2.36E-04	2.63E-04	4.14E-04	3.38E-04	1.51E-04	2.47E-04	3.01E-04	1.82E-04
C[T>C]G	2.80E-04	2.57E-04	3.41E-04	1.08E-04	1.40E-04	1.36E-04	2.58E-04	2.10E-05
C[T>C]T	2.87E-04	1.90E-04	3.88E-04	2.77E-04	1.90E-04	2.08E-04	5.53E-04	4.02E-04
C[T>G]A	1.03E-04	1.28E-04	2.05E-04	1.36E-04	8.38E-05	9.49E-05	1.70E-04	2.16E-09
C[T>G]C	8.90E-05	1.04E-04	1.18E-04	1.03E-04	7.15E-05	6.52E-05	2.16E-04	1.49E-04
C[T>G]G	1.34E-04	1.29E-04	2.82E-04	1.86E-04	1.00E-04	1.89E-04	1.73E-04	1.50E-05
C[T>G]T	2.86E-08	2.38E-06	1.33E-06	2.64E-04	1.38E-04	6.02E-08	9.34E-04	1.41E-08
G[C>A]A	1.95E-04	8.20E-04	6.78E-04	9.65E-04	3.90E-04	3.66E-04	1.87E-04	3.40E-04
G[C>A]C	1.62E-04	3.53E-04	8.26E-04	4.75E-04	5.40E-04	5.81E-05	1.07E-04	3.20E-04
G[C>A]G	1.30E-04	8.99E-05	3.10E-05	5.02E-05	4.97E-05	9.97E-05	4.11E-05	1.73E-04
G[C>A]T	1.38E-04	4.89E-04	5.25E-04	6.33E-04	2.21E-04	2.33E-04	1.33E-04	1.99E-04
G[C>G]A	1.20E-04	1.43E-04	2.04E-04	1.96E-04	9.66E-05	5.89E-05	1.07E-04	1.78E-04
G[C>G]C	1.65E-04	1.17E-04	2.49E-04	1.97E-04	2.04E-04	7.44E-05	4.81E-05	2.32E-05
G[C>G]G	7.50E-05	5.79E-05	6.09E-05	8.38E-05	3.39E-05	6.99E-05	6.77E-05	1.46E-04
G[C>G]T	1.30E-04	1.03E-04	2.53E-04	1.99E-04	1.18E-04	7.62E-05	1.16E-04	1.81E-04
G[C>T]A	2.22E-04	3.00E-04	5.72E-04	3.35E-04	2.19E-04	3.31E-04	2.06E-04	3.12E-04
G[C>T]C	2.02E-04	2.88E-04	5.39E-04	3.29E-04	1.52E-04	3.04E-04	1.76E-04	3.58E-04
G[C>T]G	6.45E-04	5.35E-04	9.34E-04	6.04E-04	2.87E-04	7.93E-04	2.39E-04	4.27E-04
G[C>T]T	2.90E-04	3.52E-04	7.10E-04	4.86E-04	2.32E-04	3.26E-04	2.46E-04	2.08E-04
G[T>A]A	9.04E-05	1.24E-04	2.21E-04	1.71E-04	1.12E-04	1.43E-04	7.86E-05	7.15E-05
G[T>A]C	8.52E-05	6.89E-05	2.28E-04	1.81E-04	1.10E-04	1.05E-04	1.50E-04	1.35E-05
G[T>A]G	1.60E-04	3.20E-05	1.49E-04	2.31E-04	9.82E-05	7.23E-05	3.40E-05	4.37E-04
G[T>A]T	1.28E-04	1.29E-04	3.45E-04	2.55E-04	1.17E-04	2.01E-04	2.19E-04	3.35E-04
G[T>C]A	2.35E-04	2.47E-04	3.98E-04	3.46E-04	1.35E-04	2.37E-04	1.75E-04	3.15E-04
G[T>C]C	2.23E-04	1.35E-04	1.64E-04	2.74E-04	1.68E-04	2.15E-04	2.21E-04	1.35E-04
G[T>C]G	2.08E-04	1.00E-04	2.59E-04	2.06E-04	9.67E-05	2.07E-04	2.40E-04	4.72E-04
G[T>C]T	2.87E-04	2.60E-04	4.10E-04	3.58E-04	1.43E-04	2.81E-04	2.04E-04	1.74E-04
G[T>G]A	9.46E-05	1.09E-05	1.86E-04	1.33E-04	5.71E-05	1.41E-04	5.40E-05	1.79E-05
G[T>G]C	7.93E-05	3.57E-05	1.19E-04	9.31E-05	8.15E-05	6.41E-05	1.37E-04	4.51E-05
G[T>G]G	1.37E-04	7.39E-05	1.71E-04	1.99E-04	8.33E-05	1.85E-04	1.32E-04	1.61E-04
G[T>G]T	1.15E-04	1.62E-04	2.81E-04	1.48E-04	7.50E-05	1.53E-04	4.08E-04	2.27E-04
T[C>A]A	1.49E-04	5.97E-04	7.87E-04	7.98E-04	2.87E-04	4.32E-04	1.80E-04	2.23E-04
T[C>A]C	1.27E-04	4.27E-04	4.52E-04	4.59E-04	2.47E-04	2.62E-04	1.56E-04	6.99E-09
T[C>A]G	6.32E-05	1.24E-04	1.12E-04	1.11E-04	1.95E-05	9.26E-05	1.28E-09	5.10E-05
T[C>A]T	1.16E-04	8.12E-04	1.33E-03	1.16E-03	3.64E-04	5.20E-04	2.92E-04	3.66E-04
T[C>G]A	3.56E-04	6.14E-04	7.30E-04	5.37E-04	2.30E-04	1.61E-04	1.53E-04	2.66E-04
T[C>G]C	2.39E-04	3.77E-04	4.94E-04	3.64E-04	1.23E-04	1.73E-04	9.25E-05	1.70E-04
T[C>G]G	9.54E-05	6.56E-05	1.49E-04	1.39E-04	1.96E-05	9.27E-05	5.10E-05	1.89E-04
T[C>G]T	3.97E-04	8.20E-04	9.54E-04	5.79E-04	3.04E-04	3.32E-04	1.97E-04	2.88E-04
T[C>T]A	5.64E-04	1.13E-03	1.32E-03	7.08E-04	4.38E-04	6.33E-04	2.52E-04	3.23E-04
T[C>T]C	4.48E-04	7.54E-04	9.15E-04	7.48E-04	3.73E-04	5.19E-04	2.04E-04	4.82E-04
T[C>T]G	4.13E-04	2.91E-04	5.65E-04	4.15E-04	1.97E-04	5.92E-04	2.06E-04	4.04E-04
T[C>T]T	6.75E-04	1.17E-03	1.37E-03	1.11E-03	5.43E-04	7.56E-04	3.49E-04	4.06E-04
T[T>A]A	1.44E-04	4.60E-04	7.61E-04	4.07E-04	2.54E-04	4.21E-04	2.18E-04	9.38E-04
T[T>A]C	9.45E-05	2.02E-04	3.04E-04	2.14E-04	9.66E-05	1.62E-04	1.69E-04	1.86E-04
T[T>A]G	1.20E-04	1.36E-04	2.09E-04	2.23E-04	9.02E-05	1.35E-04	1.42E-04	1.37E-04
T[T>A]T	1.10E-04	3.45E-04	5.01E-04	3.48E-04	2.11E-04	3.54E-04	3.41E-04	9.42E-04
T[T>C]A	2.94E-04	3.57E-04	5.87E-04	4.04E-04	1.96E-04	2.77E-04	2.18E-04	3.30E-04
T[T>C]C	2.57E-04	2.11E-04	4.70E-04	3.91E-04	1.47E-04	2.97E-04	2.72E-04	3.51E-04
T[T>C]G	1.72E-04	1.53E-04	2.99E-04	2.20E-04	7.37E-05	2.12E-04	2.06E-04	2.08E-04
T[T>C]T	3.30E-04	4.73E-04	8.70E-04	1.76E-04	2.93E-04	2.90E-04	2.30E-04	9.71E-04
T[T>G]A	1.45E-04	1.75E-04	1.80E-04	2.08E-04	1.08E-04	8.74E-05	1.80E-04	2.37E-04
T[T>G]C	1.08E-04	1.31E-04	1.68E-04	1.06E-04	3.68E-05	8.10E-05	1.44E-04	8.90E-05
T[T>G]G	1.64E-04	1.66E-04	2.53E-04	1.66E-04	9.31E-05	1.66E-04	1.85E-04	1.64E-04
T[T>G]T	2.00E-04	3.75E-04	5.98E-04	2.33E-04	1.79E-04	1.16E-04	5.63E-04	7.23E-04
