MutationType	SBS96A	SBS96B	SBS96C	SBS96D	SBS96E	SBS96F	SBS96G	SBS96H
A[C>A]A	0.002779371858086961	0.04230313958600163	0.007572358525650414	0.03153238733299077	0.005135536948218941	0.017189896404743193	0.011603960101492703	0.010084197198739275
A[C>A]C	0.0006815498573009366	0.014247729312628507	0.005765658110904042	0.032107665864750744	0.024891342045739295	0.011854236635845155	0.0028156028932426126	0.005796788749285043
A[C>A]G	0.002774882138473913	0.003963938457891345	0.0008355686780851102	0.0022103815855371066	0.0003762394277646308	0.0026191638741875065	0.0003522543010756074	0.0037938855024124505
A[C>A]T	0.0002695959525226499	0.017745348867028953	0.016130858899559827	0.029823123943060637	0.006995984537061304	0.007280680142575875	0.0066343282465823	0.0011610879427115606
A[C>G]A	0.008772231922484934	0.01107474950607866	0.008247141775500495	0.014395381733775138	0.003101632150064688	0.003408915788001357	0.002036928331107406	0.03558295905590057
A[C>G]C	0.007319362461566925	0.008221599194221198	0.004357562194538092	0.0054717644344782455	0.0017605759242269414	0.003510949212068226	0.0011978044425038803	0.004219010729020738
A[C>G]G	0.0030198026483412833	0.0008330809835388208	0.001001139792806498	0.003335213424579706	0.0008196699605468893	0.0055890440154325914	0.0020306321524549277	0.0020047963976457337
A[C>G]T	0.013041627630591392	0.008873469654936343	0.008744659572839738	0.012579723680391907	0.0027938708360306917	0.005834410210954957	0.0031033687316812577	0.004124099409091286
A[C>T]A	0.01788448918610811	0.017233730130828916	0.02014229489606805	0.032972341496497394	0.001302174088383481	0.02495822205208242	0.008726274203509092	0.09120520241558552
A[C>T]C	0.014145200261846185	0.006977268296759575	0.013010732572874986	0.022691976502537726	0.002310858004493639	0.0049572725177040415	0.00229489941673819	0.003152825698925881
A[C>T]G	0.0057049311950427796	0.013774062399752438	0.013742128275705028	0.01638691986562277	0.00830784991994733	0.2213965131342411	0.018642863426357507	0.0013459839581122424
A[C>T]T	0.023943166192620994	0.012831002259626984	0.010384848649264313	0.02425589894875884	0.004712233460741118	0.022827401366084812	0.008943465799093246	0.004698212033254094
A[T>A]A	0.006091137825278565	0.008397438009851613	0.0035527519279730767	0.013957109609618783	0.006088508896064013	0.010751247578300536	0.0061681405233684925	0.009276352126616984
A[T>A]C	0.001091987563316934	0.0009205024316156596	0.009157319811056368	0.010334663442336023	0.005721158825326711	0.0035601234818273043	0.0025560960482107473	0.00011624405072039324
A[T>A]G	0.007819549539126456	0.002841023848159239	0.00624929730212898	0.01338815770111978	0.00209917821783165	0.004524170099175535	0.002203241514712815	0.006286083844892829
A[T>A]T	0.0033368350853561425	0.012562077315524221	0.0145246530813165	0.014908219017088413	0.006738655942026526	0.017376377899199724	0.01237614048179239	0.02160821346566081
A[T>C]A	0.029619914852082728	0.024161677313968538	0.019849227778613567	0.013053154542576521	0.0017675781065521873	0.006319559768908221	0.008333270871080458	0.03474832112900913
A[T>C]C	0.019586576009169222	0.005918691962724551	0.0033975130884209646	0.007977318677585572	0.0004603382229925078	0.0036827316661947407	0.008271031714975834	0.0046830967403934665
A[T>C]G	0.025961564667522908	0.010786203215830029	0.008588801406440326	0.0016760454664482983	0.00015798233904206426	0.009950517620891332	0.00484230992035009	0.004447704804479144
A[T>C]T	0.029764521326869728	0.014602202544920147	0.016793676681118086	0.01766172901261598	0.0036616089165909214	0.00963316112603934	0.011322689815424383	0.0058512824302306395
A[T>G]A	0.00935107727535069	0.0022383646410889923	0.003614392668969231	0.0045395785235450604	0.0032326779927825556	0.0026636248102295213	0.0025207266682991756	0.0034223238028187096
A[T>G]C	0.004037651335820556	0.002058721817447804	0.0002852312010645619	0.0025735396415984724	0.000686071872490146	0.0015815044125702116	0.003801399148069322	0.00104548754029282
A[T>G]G	0.0049351868196390565	0.0024512018119276033	0.008275571845006198	0.006119237248785794	0.0012111264713621495	0.0007058922473515849	0.0031544063496403395	0.003341468165322823
A[T>G]T	0.005175706224981695	0.008585916182491929	0.006249610118029523	0.00023952139349706414	0.00038072162371463494	0.0008562963801729495	0.029949792604893447	0.0024028516608747452
C[C>A]A	0.005130150951445102	0.043113080617040396	0.00896181615441483	0.022321718260645867	0.02232878143899143	0.006454707581433468	0.006517710485495627	0.007578199392883107
C[C>A]C	0.004550466200453229	0.012642301423475145	0.0019955274960601187	0.022052509374916554	0.018830649545416234	0.003487527820834657	3.035086184599578e-09	0.01649683276657015
C[C>A]G	0.007660825313068926	0.00383364228066057	0.00057348556715624	0.0005312707629491342	0.0018316958652576432	0.003599958741979208	1.3659245483221838e-06	0.001729185662849453
C[C>A]T	1.981066569096024e-05	0.03957056399434805	0.004367808911334679	0.01880774782737717	0.047626098804175857	0.006361822240578476	0.00650551269762218	8.3787065641161e-09
C[C>G]A	0.0038216793327592313	0.007389671320561319	0.004126210165791804	0.013559419536031783	0.000797736618086311	0.000927197097476594	0.0025128549517670073	0.0003333259513653175
C[C>G]C	0.0031297695299144835	0.0056940190028399226	0.003836941188528158	0.010753565095365047	0.0011175328162062214	0.0003977499388565775	0.0019132026759243815	0.0021747818816267284
C[C>G]G	0.00727968655526638	0.0007694182119666948	0.0008581901078356113	0.0007604125352372648	0.0003998554837926349	0.0025552940905618016	0.001225829394265272	0.001191669254056009
C[C>G]T	0.003855911081773229	0.008413614127784968	0.0065962582791689785	0.011281326459720731	0.003175127594731748	0.0010452992858063226	0.00502310749841854	2.744567663565789e-05
C[C>T]A	0.019091553566977382	0.016426446600817143	0.027934462474659087	0.008010160874109716	0.02884081916883588	0.012615894139744342	0.0059054522472433745	0.00853565519908443
C[C>T]C	0.0152854557428509	0.007811767279513333	0.011754384535941015	1.272748508149293e-14	0.14496522948145865	0.006039623084365369	0.003925848020589911	0.0030830984604277843
C[C>T]G	0.019207033263519406	0.007103813387220726	0.02452840550802648	0.0072902548606843896	0.007308632197091356	0.11516263358294963	0.010137326051481068	0.005436208606793116
C[C>T]T	0.017592820744030176	0.004869629441091094	0.02223594815004617	0.014478529859334231	0.11966924086213111	0.010648549124598504	0.009437792671378701	0.004711214757030006
C[T>A]A	0.0023540786983596716	0.0011800962331108167	0.003058364118774932	0.010894006958696991	0.034178095087409016	0.0004617009165667696	0.0008564128466332476	0.0018710502198872802
C[T>A]C	0.0014471054287423792	0.0018839724271401792	0.003133053167257458	0.010825333707034588	0.02770590327680111	0.004838128463015892	0.006717024763347581	0.01601485234685242
C[T>A]G	0.01393459241837263	0.0001949204479752975	0.0035391525092927623	0.00536995059956098	0.03617576571181416	0.0002375592031967244	0.005695276318583638	0.00652943361463258
C[T>A]T	0.0022848042710424594	0.003890951615285303	0.0035379040756009063	0.018572243796661496	0.04952189020812511	0.004967469839029946	0.02362871604040265	0.004678379600081825
C[T>C]A	0.029957091361284258	0.005488634951034328	0.006741797207650961	0.004711195332949281	0.00564279212616384	0.002454863991713978	0.0027904414248769173	0.0006279766660844999
C[T>C]C	0.021645778715610506	0.0050385360012296584	0.004994078511493078	0.015789655116386712	0.0072695703315548595	0.003943785654065639	0.020998103171586992	0.0023748630171064634
C[T>C]G	0.029596170876175165	0.005663675852702003	0.006877714085858315	0.0005979332931747195	0.00596648340113461	0.0010437609395830805	0.013813919946551323	2.1035299674387885e-05
C[T>C]T	0.028107515834271908	0.0027082663830904695	0.004593344017048366	0.002609347639681222	0.012004788378253578	0.001799679585719849	0.09465490624308587	0.014250913551077247
C[T>G]A	0.00587961477227509	0.003740291085559875	0.002303175343949988	0.001956565963482717	0.0016694226777326548	0.0008488088467842658	0.005997789200628176	6.5394907444726865e-09
C[T>G]C	0.004084458984434605	0.0028270281216828154	0.0009503303553049136	0.0009256530697166455	0.0013902099808910861	0.00038915158525927877	0.015331075750291348	0.0034814086619581273
C[T>G]G	0.00864943205844611	0.001519422665296588	0.003692800830176567	0.008071936483029276	0.0018266454930198962	0.0031937921232656663	0.006687879411038012	1.6703067407490836e-05
C[T>G]T	9.281041805309195e-08	2.9466400993127806e-06	1.4976564440194462e-06	0.0013812537051329423	0.0006316592723332193	4.3727366062285e-07	0.21058575212955474	7.69440316616965e-08
G[C>A]A	0.009676447394303978	0.056468655411154034	0.004180851773017488	0.023294853589031845	0.015165833639912307	0.0073566540877800434	0.0038883943075779825	0.0065198603546116375
G[C>A]C	0.0016284632705492186	0.013131691203452646	0.002145179797371384	0.016337806871160866	0.047615268798545	0.0001183869439523642	0.0019889537047129125	0.0057332825374726325
G[C>A]G	0.008757343660108744	0.002689117699046619	5.75924405711703e-05	0.00020690370049201157	0.0006635362221641117	0.0010940908169840213	0.0003769505857463906	0.0025580590462226382
G[C>A]T	0.006751130481716245	0.04305484488606453	0.005374266374448613	0.015215799869038165	0.006808187594870106	0.0023696748292422855	0.004046081913402304	0.002714372991922573
G[C>G]A	0.007366061173379421	0.003207272905128775	0.0033241969579830767	0.008949142990168184	0.0022447099239798264	0.0001859959997999283	0.0022229105973383414	0.002439124716285974
G[C>G]C	0.009960112739354371	0.0016346327950060413	0.0008580790338055522	0.007285660908091813	0.01924193653278053	0.00046303016217008803	0.0003936459346567034	5.120809256483838e-05
G[C>G]G	0.003022880961652845	0.0005705747305910335	0.0004010322240083042	0.0015602664359903428	0.0003821651365069556	0.0006898403529888242	0.000457819871320142	0.0019553638039425535
G[C>G]T	0.006151394350454211	0.001109854223286675	0.006969887127052061	0.010560586815699935	0.004091990185552277	0.0004779309319201275	0.0017135007677867265	0.0013850763054264448
G[C>T]A	0.019463319964706897	0.00974430115078576	0.017730967490933836	0.023378454083576798	0.010253316969610751	0.013848241367377341	0.004638063121819869	0.003614109197736772
G[C>T]C	0.018593689650297163	0.008148637851700186	0.013023977298289538	0.018043292607180773	0.011102438289672136	0.011096079889684916	0.005636815376346931	0.004007608965409872
G[C>T]G	0.007581746967631488	0.0043890653329436815	0.038852012092247604	0.005673937284116121	0.005649553637558714	0.12850256726145745	0.011086171790957451	0.015240136333741248
G[C>T]T	0.028485459871590138	0.004002103319378937	0.00960351630732084	0.034250003797933457	0.007557923966087401	0.010278616324067116	0.007784494422376156	0.0028111592793734273
G[T>A]A	0.00467145538656041	0.0014193767878623476	0.002546635464328553	0.00940148324938491	0.004210695467481856	0.002839705280474618	0.000772488776946825	0.0001967422539926389
G[T>A]C	0.0017680124269099907	0.0004991368974151555	0.00594837344950065	0.007080270270816982	0.004170732629718259	0.0007224646553558025	0.00273170703013335	2.168593335111879e-05
G[T>A]G	0.009156480822712183	6.364414119161666e-05	0.0006383805376742657	0.0068211415852420035	0.0032407495507504793	0.00038857077257490236	0.00025454865959130047	0.02185164957307279
G[T>A]T	0.0033647241443395615	0.0007816486116462329	0.007795343692414462	0.01451292943675071	0.002672075502341613	0.00263766277465038	0.008600624639075249	0.006979896472690825
G[T>C]A	0.02396081380546093	0.007997386201750487	0.009283750924587365	0.009955921499058605	0.0012837699663399605	0.004205282417533453	0.007202927451580763	0.004244415041637808
G[T>C]C	0.017794916043058037	0.001716911192288535	0.0007449754742748476	0.00585785538656637	0.012300761612132192	0.007644711022730916	0.010992452874779702	0.0014774169661805558
G[T>C]G	0.018041631039232016	0.0008073140819442415	0.002968177047514473	0.002703471003915183	0.0019044210940774063	0.004198417286970652	0.00814049960579723	0.027256028838455678
G[T>C]T	0.03547727402299643	0.005941023927880451	0.007621941782588237	0.0047857149719493465	0.006381480798590928	0.007729555380064994	0.010323170605115593	0.0020899313357406867
G[T>G]A	0.007434709230437875	1.6574580367887393e-05	0.002195465394797793	0.0022969262531478307	0.0009710521696251817	0.002026187037999989	0.0005037228498502633	3.376597982683194e-05
G[T>G]C	0.003933718033367768	0.0001991025311872363	0.0005927125940297629	0.0013392291592026595	0.004160827873274684	0.0004490052201178685	0.0046839456888847055	0.00016228950738697012
G[T>G]G	0.008279720302671194	0.0004223431575428549	0.0016704770641788236	0.008073351215571165	0.002361813845782308	0.0028334572104949983	0.0031751165739721896	0.0020776413232079707
G[T>G]T	0.004007175208535045	0.0032705591924600697	0.004660969667820609	0.001647138875523524	0.0007180195296975578	0.0019780938571057048	0.054956060871481895	0.0024955717849989866
T[C>A]A	0.0066213372303172945	0.05840457048267126	0.010734922552364879	0.0166320195235312	0.008111671651713656	0.005497627364547952	0.0056687293102731925	0.0016162967375782955
T[C>A]C	0.0054022813076153395	0.030082642361521722	0.007725463417955325	0.020051114638336004	0.014246691095177084	0.0031233171374697123	0.004645257840165868	1.0601837345808254e-08
T[C>A]G	0.0029235098708886654	0.005720943808555603	0.0009974045170378077	0.0009085803434411181	8.515590719138987e-05	0.0015977681476488214	7.607919041419109e-09	0.00012264861353880718
T[C>A]T	0.0006683964185683439	0.09213052775710821	0.024363909164676442	0.01919270169630181	0.016374882445670664	0.0073388846479883795	0.012389335269108414	0.00698548205953557
T[C>G]A	0.0069084371998906135	0.010403982161078603	0.03654556037858128	0.004664811711700167	0.004048032180289738	0.0013979568961588029	0.0030955018527583887	0.0031149288414422925
T[C>G]C	0.006337070414738264	0.006700082190254761	0.021377730048261583	0.005756040410487912	0.002004681835860538	0.0016424769724761035	0.0016550830192863942	0.0017054669656958055
T[C>G]G	0.004186157101066783	0.0007162062364477606	0.0017203546637756517	0.0021844781959589454	0.00014109254090726608	0.0008096676679544235	0.0006665632824230983	0.0022503347926918593
T[C>G]T	0.005109372605743065	0.030283626839518546	0.050021245814859866	0.008608778612688184	0.01033980181440711	0.002507698395479565	0.004186598655069247	0.00484986475405833
T[C>T]A	0.008373185676755384	0.030303228185512125	0.07415352549403906	0.00563909853097678	0.006298168552311836	0.007663858872031142	0.005780039430537727	0.00537975251600983
T[C>T]C	0.011645148554816843	0.011382488366216421	0.0552250063046813	0.012338355233726325	0.014659420112147927	0.013586681226734072	0.004463963572052307	0.01181428571464494
T[C>T]G	0.00993473282083869	0.008723484666552395	0.014163989063818008	0.005298254546651357	0.0032122787818661892	0.09367590315639973	0.006848130135331303	0.010624216749565676
T[C>T]T	0.011772581901168451	0.014783281576320704	0.08507834132760764	0.015380577100419535	0.02012908920645714	0.011121856170357205	0.012495392025448382	0.00861231391027104
T[T>A]A	0.0009137806883728012	0.008969865168037359	0.010693920233503266	0.01154927581490483	0.007111144758528099	0.006109364188641848	0.007989281620830298	0.1336420264840126
T[T>A]C	0.0020129145320970567	0.004456712019164115	0.0045600685544195585	0.015243029361590743	0.0011709909909768611	0.0020954428302411543	0.0036608248640550302	0.0030075739471494955
T[T>A]G	0.006794451409950853	0.0015685781131526255	0.002215677093190607	0.009840057049877941	0.001861005731552723	0.0026757341721440754	0.0033856998871780774	0.001576492534734264
T[T>A]T	0.0005741717030417516	0.008346418851288036	0.008639392539137387	0.02438783982768655	0.009058181918226183	0.010521077674347908	0.016509780762717127	0.08800751499831677
T[T>C]A	0.02662876307964325	0.017271492816507816	0.013221944118849933	0.009392466626013628	0.003364167108666152	0.002723029696899175	0.008681396145839244	0.0048015975373709805
T[T>C]C	0.0328385173343122	0.0027549707920609735	0.012508741929195821	0.009755277926451526	0.0031276835690368897	0.005715784341044774	0.014160224106162786	0.00965882294345647
T[T>C]G	0.017756486805155874	0.0028567672056669835	0.005959836911642924	0.0033718581711582375	0.0009876184770837425	0.004053503852282461	0.00553803970804438	0.0028221552373374694
T[T>C]T	0.028503095768392085	0.007991581134751019	0.012852012820321761	0.0005979415752348872	0.01215905730612576	0.001709694253950147	0.012399464435875416	0.142937238663435
T[T>G]A	0.01179566653445363	0.006616562409326434	0.002217075477992694	0.005168220809136983	0.003107061788905412	0.0004550328279874272	0.006957157906144857	0.003102584879338224
T[T>G]C	0.00821917216759175	0.003966297007282265	0.0020754668377187964	0.0011835345948929899	0.0002891123724657518	0.0005615311319886729	0.005144341912819072	0.00078031612038858
T[T>G]G	0.012959342096000909	0.006827052272856235	0.0055930387834087015	0.006196922860108316	0.003353562545962632	0.0021676902296894696	0.004857297217822634	0.0020554596361979805
T[T>G]T	0.0041189355004462415	0.012073029046878219	0.01650096109136939	0.0016835939852227566	0.00401797903694387	0.0006068930153196561	0.06750588104128838	0.06705342601984739
