MutationType	SBS96A	SBS96B	SBS96C	SBS96D	SBS96E	SBS96F	SBS96G	SBS96H	SBS96I	SBS96J
A[C>A]A	0.0021484789875103162	0.047541938461363314	0.015588023860473185	0.00955188986437861	0.0041135756444418805	0.010448793548857794	0.035453217301983385	0.016031709648668766	0.01154372957535088	0.00969977494882187
A[C>A]C	0.0007885550715582213	0.01567023361567408	0.01900753570633242	0.005731963459984399	0.02444800262339413	0.009499066503776717	0.03285467192530632	0.009741423618979752	0.00256001558220305	0.005597931232859992
A[C>A]G	0.002920951466076076	0.00407194796949625	0.0012753177309059538	0.001024380709422985	0.0004129444482532563	0.0025448562516248783	0.0022178212466678815	0.0025188337880535983	0.00034803314375451587	0.003924841461550983
A[C>A]T	0.00046339274975707665	0.018671232369961217	0.009871048930565394	0.018361672154569533	0.006173173078059336	0.010007724967656485	0.03887961546890437	0.004416863055879219	0.005710128913342487	0.001002294781265327
A[C>G]A	0.008732789423083887	0.010889470367692411	0.009971973603824154	0.00851909184301661	0.002998213591054082	0.009384808789181989	0.015816939417272805	0.0024843431415502008	0.001755333323690138	0.03667935095727444
A[C>G]C	0.006923467700835318	0.008276036102324724	0.003674683333443739	0.002746659438344068	0.0016249195249065452	0.009428372244001367	0.0057524656283203515	0.003216006783404737	0.000979015419609306	0.004497063424422549
A[C>G]G	0.0036523010372184216	0.0007571960869972827	0.0015915584306276287	0.0015008898831729333	0.000647903099998075	0.0010676995284302393	0.005377008675220991	0.004757295879535377	0.001910677909909282	0.001936994657679776
A[C>G]T	0.013717237489763646	0.007368239434072166	0.0028431293177891346	0.005693976412148913	0.0028929072129540143	0.01993055182043463	0.014773760223761201	0.004648616488266271	0.0022698128895717673	0.004901546365290415
A[C>T]A	0.020087536262581127	0.017594901664415373	0.013975085834881612	0.02153303730301559	0.0017213414325852822	0.015996608374116476	0.04514890344813466	0.021672565825283527	0.007546642709057778	0.09704438254237174
A[C>T]C	0.011220162945101038	0.006568400916585233	0.02134609305532649	0.010592680787813152	0.0016522938996786252	0.015406919204037877	0.01769096659962088	0.004235901031061076	0.002229254622943699	0.002606892003050234
A[C>T]G	0.007378105555626187	0.01516091845704814	0.007023570326681363	0.01309892491136658	0.006145302714467107	0.01244794450396057	0.03301559850980993	0.2398112490773201	0.018602038733661175	0.001281167135927177
A[C>T]T	0.02349788631312549	0.014043906624428927	0.019610781131195836	0.008608821012312546	0.004041358527465491	0.016469070369494146	0.02430231135338545	0.022386126024648546	0.00871068295557052	0.004549461796370906
A[T>A]A	0.004583140535396523	0.008175300403963774	0.01494409799342975	0.0024984158087318063	0.005421141593105858	0.008075242820923449	0.010367659323383122	0.011483051464892924	0.006323313633911312	0.008065548223101474
A[T>A]C	0.0010100200199030952	0.0007268903210916733	0.005008829958969727	0.008077025040984153	0.005789873953908682	0.0066118549160187005	0.012167101933155209	0.00267451337186003	0.002233896760526477	9.449432018284299e-05
A[T>A]G	0.006330010659655663	0.0018398140717181377	0.010254197942558677	0.0034921424504136666	0.0018750927353539738	0.01141511860783794	0.012197360169375315	0.0041569472957053676	0.0020378296060899	0.006103251549614868
A[T>A]T	0.0041802321582611055	0.012497420297004283	0.006744738599518314	0.01424165734089911	0.0063253053009975704	0.011876911732833832	0.021443253608886152	0.016212046146392822	0.011327025294303895	0.023199523501098156
A[T>C]A	0.024871073113754392	0.02204436813015491	0.02588951631449163	0.017930899853818117	0.0013755478130769916	0.025611090707534458	0.0063675837394839615	0.006903043750062352	0.008588650587480515	0.03374132687225938
A[T>C]C	0.02165757233509794	0.006964735996443778	0.0088615617492178	0.003929068138240836	0.00027595544917858206	0.0036782948151812887	0.008045957605354488	0.0029933083062496733	0.008375412677414715	0.004193815520029359
A[T>C]G	0.029064247878268362	0.011749806536827237	0.006525657822785433	0.009417887337040156	0.00036165215951768916	0.005287081794231208	0.004149553571478464	0.009885076336795464	0.004551118221716024	0.004476519172167173
A[T>C]T	0.02594411193393171	0.01094091785431374	0.020996730632905383	0.01081690063350834	0.0032960173043829854	0.031655393531546	0.012901670324645238	0.010278762640664353	0.010785928168334067	0.005434980897407513
A[T>G]A	0.009288463068660349	0.0015091021299303974	0.004085174390056636	0.0025568199183921645	0.0034378632833249865	0.007558643980300986	0.004151010595815023	0.0024525954314594854	0.002312569143541623	0.0036647259455872007
A[T>G]C	0.004045908255502582	0.0021362031091121027	0.0019275432671570566	0.00018469961418304592	0.0006731833368394291	0.0027298734400392276	0.0023228157131234186	0.0014384001180405904	0.0037785720807733012	0.0010829117637561581
A[T>G]G	0.005202110813115723	0.0016600629556342028	0.004272403004630405	0.007400768911466003	0.0010757623296922248	0.006808533575967886	0.0069861374492757025	0.00040668960948210043	0.002789497163279293	0.003168937826719684
A[T>G]T	0.005794282146962359	0.008662726725451647	0.0006838671130753937	0.007487011051271111	0.00047958865279862264	0.005097297657827846	0.0013603698043721125	0.0006453241061853987	0.030726364348083735	0.0024280332126333094
C[C>A]A	0.00540602574355944	0.04772963285446167	0.015385729162423499	0.010699121489888058	0.022115962356328966	0.013309020419983426	0.02317463653627783	0.00498288858367232	0.006154966892208904	0.007526717671426013
C[C>A]C	0.00401474904618226	0.011495879550930113	0.011730438943486661	0.0003577206557383761	0.019558050418272615	0.016352415542351083	0.020611389218829573	0.0019861992658934467	8.03195021603642e-10	0.01692714526783675
C[C>A]G	0.008588779116980732	0.004338198873447254	0.001175038579367558	0.0008479831391014159	0.0018751495411561336	0.0025386547300149686	0.0005572714551908575	0.0036368939741078066	4.8058144250617825e-06	0.001881048465822559
C[C>A]T	0.0003995361493269763	0.0415628900192678	0.004266564501276933	0.0019257549462898282	0.05063858030363917	0.028732052206032678	0.020011792555451394	0.00503804945066804	0.0054898429407330696	5.133905105481063e-09
C[C>G]A	0.002170448295265999	0.00658666503150016	0.009466511036088834	0.0023549556504303838	0.0006461032840161351	0.009816873873867281	0.010697512762853877	0.0006272450803101748	0.002536914287986747	0.00030493663898965905
C[C>G]C	0.0016518764506244191	0.005193018100690097	0.007595988626853796	0.0023555518948998612	0.0009037418092166316	0.008911368048284202	0.0079733646826935	0.0003160021460521989	0.001968208882026374	0.001928744674953009
C[C>G]G	0.008565199598670005	0.0007776813281202521	0.0011339532092097216	0.000934473789857293	0.000428820834531507	0.0015085087849729462	0.0011501677707747148	0.0024976971928845158	0.0011580078543545014	0.0012395269373745065
C[C>G]T	0.0023180207179404216	0.006859995495178736	0.006557784572862974	0.004200285565084414	0.0033485666030901484	0.014406670071184634	0.009218002841807902	0.0008407841559784401	0.004925167220062576	1.5730307833519143e-05
C[C>T]A	0.020886586820706723	0.017150840517133475	0.010187228270078777	0.03292416611686349	0.029801468215882778	0.014909966568811796	0.011367036495357752	0.011335623862687499	0.005277365326182917	0.008776688626312534
C[C>T]C	0.02309797606198123	0.008606784751173109	0.004527418465892481	0.01575114236972438	0.1582004190981388	0.016204172776951967	0.0007469572647278255	0.004045149757788941	0.002804590851555986	0.0031549943958677318
C[C>T]G	0.020343366432935	0.00809903810673859	0.014576582471345318	0.027776496224105357	0.004877526245314338	0.008664946485077962	0.014008630885655293	0.12388984628021717	0.010003611936699599	0.0048331607769068795
C[C>T]T	0.018359806202352048	0.002880264270808368	0.023407910510431975	0.02221531004017379	0.12975051000714302	0.026681146344344597	0.007908074986167446	0.010067000148023909	0.008564491794677451	0.003715716951942078
C[T>A]A	0.0023501364853291307	0.000820129984176674	0.011298786774277687	0.001568284569948446	0.036393340434879067	0.007023968185919358	0.006919737045827787	0.00037674092029533313	0.000726055730956432	0.0016244261006683302
C[T>A]C	0.0031414598533047924	0.001969490742048947	0.006692691525677219	0.004172554449216669	0.02903618836775422	0.0027731589035829528	0.013935070004081354	0.003118613345868653	0.005907869248185307	0.01652469820342958
C[T>A]G	0.017105173533782363	0.0002217293863577652	0.010578700902224228	0.0031537919958282146	0.03786915060132742	0.0034963713467004707	0.004361614216177259	0.00011250075156567619	0.0055787987349322065	0.006015445833978958
C[T>A]T	0.004785900016140658	0.003530477384229016	0.01130445763701573	0.003070938336823019	0.052532615028321746	0.006765557635662845	0.022523864544928072	0.0026455275392800104	0.022715460062026977	0.0047536553436657416
C[T>C]A	0.03316025786101818	0.005847827222496704	0.006717011546557079	0.006384241099585779	0.00596621434786357	0.009368619733722881	0.005412314020941267	0.00188652970193516	0.0025285650238220116	0.0006893185824677062
C[T>C]C	0.024665520573034883	0.005304192049225094	0.007272898414521478	0.004579674025153508	0.007581559100653976	0.009536885987618007	0.02001627514604479	0.0022550344434373033	0.020154030043631792	0.0024923590100058846
C[T>C]G	0.03447115046903491	0.005828116424963809	0.0025062984638407216	0.007886423546442528	0.006772423984948546	0.008044951420743055	0.0021729217021493243	0.0007508489132729324	0.013234249437227846	1.5157724462255827e-08
C[T>C]T	0.03299876930192113	0.002911493217543466	0.006144462951932173	0.00635209497588221	0.012795284925960004	0.0054105951055394355	0.006220142966194544	0.0009409792891710823	0.09703748948872089	0.014909714427776635
C[T>G]A	0.0050415051903109995	0.003452685695810942	0.004478685079957359	0.0015606717921764592	0.001375775593586468	0.004854515847608329	0.0006235624758483027	0.0009596502938912877	0.006198683119146153	4.562966502419385e-09
C[T>G]C	0.004714633789844811	0.0030088519398123025	0.0013364271414320684	0.0013286296401656726	0.001381690199195873	0.001892374856483343	0.0010485765122212165	0.0003142991472486756	0.015771397249773146	0.0035220906586619096
C[T>G]G	0.009216022521723061	0.0016364682637510053	0.006826938560116105	0.0033837319500162268	0.0015040944231441244	0.0033062941075331764	0.00833775577135384	0.00272044240784453	0.0067732213344424965	2.5100417076657777e-05
C[T>G]T	1.3982145517843493e-07	0.00041365461821584403	0.001596762898955033	3.791969510626131e-05	0.0017112295641226183	0.000696876061697811	0.0024735231762558385	2.3074149851254334e-07	0.22279587626457215	9.348300551437206e-09
G[C>A]A	0.009207478701137006	0.06574245423078537	0.022738184491172434	0.010400480357389613	0.011614467164617963	0.004596526078494208	0.021470084736686487	0.006015668157633627	0.003957071947806981	0.005839709716150878
G[C>A]C	0.000622943069320172	0.01379730211221613	0.031284030413662546	0.002098821068210969	0.04554511280730367	0.004397197465330136	0.0060373179381713275	0.00015289719878637696	0.0018799506544019096	0.004098774542579378
G[C>A]G	0.009296357133425772	0.0034357278854440666	0.0017862810802762397	0.0001163257300510452	0.0007168426153793916	0.0013692353980150843	0.0001630605969694443	0.0010463540131871697	0.000376307658267816	0.0027569852743599198
G[C>A]T	0.004853214466857025	0.048540212884545325	0.015078612056095153	0.00689940614378429	0.005895122345827985	0.009724606207455508	0.011965041636431124	0.0019919130501622716	0.004204403618350625	0.002298353805187503
G[C>G]A	0.005090090449084528	0.0023646991536407976	0.011220288338372485	0.002048440084363392	0.001912280157666828	0.008392004721099511	0.00373127021768596	0.00023865604569436982	0.0024953168869251384	0.001857671257217337
G[C>G]C	0.009361480735242367	0.0014068320281705837	0.011754905217421764	8.416821336140856e-05	0.01898397998418659	0.006046877441542051	0.0030798170951311476	0.00046170203725949934	0.00033887699971145045	4.6816554593220876e-06
G[C>G]G	0.0033428671117872	0.0004625251784455031	0.001070643595448928	0.00031228720559738576	0.0004051936752057372	0.001269405081328614	0.0020885844089207238	0.00037368164113573397	0.0003080799066721518	0.0020808107934723098
G[C>G]T	0.004815981628780719	0.0005837864032201239	0.011912230467423797	0.004755084887146949	0.003623559948755428	0.007594431986799464	0.006811388775531668	0.0005051556227090259	0.0018464653146220656	0.001207526690405345
G[C>T]A	0.01530974991270341	0.008407681582611985	0.029948179484345017	0.01506871476303786	0.008766345893964172	0.02020434449892491	0.014125742858741432	0.015062028551474213	0.004852197383879684	0.0024700539559125902
G[C>T]C	0.013661514245322906	0.008068119687886793	0.030393639765679836	0.011101343565387651	0.009798919847235084	0.01321791144699091	0.007862442984512913	0.012782074138522148	0.006317835937370547	0.0022141959468353887
G[C>T]G	0.004596140128974533	0.0014431665678225013	0.017869207706535235	0.03519440339277025	0.0034985305165081693	0.022744538612896575	0.007296504657133487	0.14287496566772462	0.011330881856847554	0.013984444392845035
G[C>T]T	0.024689989872276785	0.0032862745315976327	0.03533187408727827	0.0051814548802212815	0.0065336627460783345	0.018356626306778177	0.025619657994247973	0.00969144654693082	0.008046310566132888	0.002346852987925274
G[T>A]A	0.004137430334812961	0.0012450494013251045	0.008914101056871005	0.001931942419250845	0.003868130072951317	0.0034749695348727985	0.007747640979068819	0.002489532396538152	0.0007774440573466013	9.679384150041326e-05
G[T>A]C	0.001806979859763942	0.0004000238210937823	0.003953843215422239	0.006019960852463555	0.004175228090025485	0.003287263798371498	0.00817148238849768	0.00035355445753623374	0.002448698206139568	2.012524616901601e-05
G[T>A]G	0.009008551111910491	4.3560472258832304e-05	0.0075114460720215	0.0007571689132601023	0.003334905518531741	0.0035511408891761675	0.004551768607113331	0.000459926888870541	0.00021384800544183236	0.02138371701352298
G[T>A]T	0.0028456235717749224	0.000553568482209812	0.009615168700402138	0.00750227426935453	0.002585054375595064	0.004451557699566387	0.016216634144075214	0.0016053222467598972	0.008514093800913542	0.0058771801200173
G[T>C]A	0.02172570719383657	0.006813487849431112	0.014359723394154571	0.007082244453486055	0.0009777250857951002	0.01662949348858092	0.005749468775466084	0.004503106396296062	0.007275717223528773	0.0039147646570518195
G[T>C]C	0.020075443759560586	0.001608986379142236	0.005574704187456519	0.0002200189669384844	0.013170508546754717	0.006501055186599842	0.006578340985688555	0.007245125621557236	0.010512867430225014	0.001592625605118325
G[T>C]G	0.020790903959423304	0.0009099079996849469	0.003832260419439991	0.0032760588708333673	0.0022656397072387336	0.00444285263234633	0.0036002886643264277	0.003922592493472621	0.007976920916698873	0.02860086252912879
G[T>C]T	0.036545027419924735	0.006391417185950559	0.01256282143178396	0.006434470908939587	0.0063678108912426975	0.012399061643518507	0.0030988830554997547	0.007862020603497513	0.010354536487720906	0.001902288760464046
G[T>G]A	0.008797935442999005	2.657779201399535e-05	0.0023648774385712883	0.0027661705478391274	0.0006585984601406381	0.00121715867132707	0.0032079195912592695	0.0013992076252912966	0.0004580738216269253	1.7913133953531003e-05
G[T>G]C	0.004782093407120555	0.00028192982400554456	0.00165243371549885	0.0011997817879949935	0.00404156240496377	0.0005255358205883454	0.00167432555987034	0.0002611927204270614	0.00458611972280778	0.0001555222104838272
G[T>G]G	0.008971186864655464	0.0004359691972786095	0.004261061166980653	0.0015334643892865073	0.002420144861644076	0.003705008750912384	0.009646189104532823	0.0018108083206243531	0.002944341889815405	0.002050343043541716
G[T>G]T	0.0038743969798088074	0.0026472914990517894	0.002059415586918476	0.005067952822616437	0.0008111980499477344	0.005018858879921027	0.0026664918976894115	0.0017717540778317798	0.056910887993872165	0.002365654302453493
T[C>A]A	0.005943480905843898	0.06393818210810423	0.011853504879036336	0.012415410857938696	0.007458677521208301	0.01604516388578845	0.017159042528946886	0.004584653890387927	0.005350074172019959	0.001534409500171705
T[C>A]C	0.0026825637253523383	0.032797780130058525	0.02392906974069774	0.007232761964050951	0.012782441651797854	0.01089091497600777	0.012547494613372408	0.0029255755755559676	0.004987184816272929	8.391461392420752e-10
T[C>A]G	0.0032563191157532856	0.006263204787392169	0.0007403273250196207	0.0010343419301609557	9.235962969796674e-05	0.0019757976084775917	0.001090754208417125	0.0015780608008084593	4.579763146494998e-09	0.00022027404912144277
T[C>A]T	0.0007289804679021472	0.10181314684450626	0.009857358777376363	0.0285785048850812	0.015322708487510682	0.02320954570386675	0.025836163894010264	0.005293015046627261	0.011586132389493287	0.006971301219600719
T[C>G]A	0.003768324534453543	0.00533282315004808	0.012459119564792034	0.03140340766403824	0.0026196995562349913	0.03008041120134294	0.0021782002784311773	0.0018234067708544901	0.0025777986783941742	0.002705519634852749
T[C>G]C	0.004308070002516615	0.0037929654902836775	0.007528474046957854	0.017537161456421018	0.001391156769313966	0.020973103258293123	0.004618497257761192	0.0015733905206661803	0.0013496528266114182	0.0014452900214861587
T[C>G]G	0.004458556961035356	0.0006480971552830868	0.001297546550642959	0.0009648580800340767	0.00013362270110519602	0.0030076288686541374	0.002412069711826916	0.0007806940238969418	0.0006565535261963884	0.002356906617992536
T[C>G]T	0.0033809515577740965	0.02188510626729112	0.010693227729352656	0.045405540930805725	0.009503922966541723	0.04608263357542455	0.009258319243235747	0.0017441016447975245	0.0030427815341613667	0.004329392178258331
T[C>T]A	0.008767972781236609	0.027873898529505822	0.01155782804475166	0.08843036271631717	0.00424170507778399	0.02206874479882799	0.013809257920947858	0.004316902977399124	0.0042436785284371585	0.0049681516357813395
T[C>T]C	0.00839558813779151	0.009623154930231977	0.03195232971105724	0.0634841750562191	0.011452307889703662	0.014945084298669826	0.008164031140040606	0.013477851707430091	0.003757016090312393	0.009301988521983731
T[C>T]G	0.010496561496984214	0.008179454462439822	0.005227098427424003	0.014098919533425942	0.0022398935127057483	0.012015173832661645	0.010997555143799218	0.10182910613715648	0.006753192939795554	0.010872365040704608
T[C>T]T	0.008316647696089318	0.010819149958551861	0.039864305257797245	0.0960790578648448	0.015628929176018574	0.022348067954881118	0.013886199533590115	0.009356392921316585	0.011797138175461441	0.006166510813054629
T[T>A]A	0.0009443871544864052	0.00781946516045914	0.010188083602351981	0.011390076406532898	0.008042951714014635	0.010282441615181596	0.012599351049866528	0.005965879570221659	0.00801626764703542	0.138045709207654
T[T>A]C	0.0011438613939515107	0.003932469175197184	0.008394346219406544	0.002365051180240698	0.0008072722864744719	0.009027288116922137	0.014147306084632874	0.0016392125070160545	0.003642979268333875	0.0027085935683042097
T[T>A]G	0.005982371175196022	0.0011471115839975692	0.006223052722634748	0.001089474422933563	0.0019156285445205868	0.006996437146881362	0.009019014348159543	0.0021882617101073266	0.0032641089050224536	0.0015290595843118382
T[T>A]T	0.0016115021169457824	0.006996758029563352	0.010382904698781224	0.009564353267570666	0.009763528318726457	0.010613850562658627	0.029454023241996766	0.008802271683234721	0.015864904578775166	0.0917951275408268
T[T>C]A	0.021888246182352303	0.01610851846751757	0.023107395390979946	0.00888980868679937	0.002329361994325154	0.019685889699612744	0.0033655623061662255	0.003825303892544986	0.009427405878668652	0.003977034291019663
T[T>C]C	0.0372719263844192	0.0021487523952964695	0.006934656519311126	0.011022222521714866	0.0032742408859485293	0.015392317035002634	0.013479246532078833	0.004041228324276744	0.0126983238523826	0.010472291671321727
T[T>C]G	0.019614030979573725	0.00266065584262833	0.00576904171728529	0.006018299751158338	0.0009046428385045146	0.005175354611419607	0.003897119488392501	0.003826652460847981	0.005478102031629533	0.002874785961296311
T[T>C]T	0.030386325707659124	0.007202028166168155	0.015511138778804558	0.016831038924865423	0.013259833599440753	0.00797788287042919	0.00035816829869160754	0.0017070520058041438	0.012607728107832372	0.1450727344304323
T[T>G]A	0.010325153272133321	0.006429391120109358	0.009633524534874595	0.001419094985394622	0.002922501751745585	0.006901818498154459	0.0019405943805759307	0.0005176468317222315	0.00742495411541313	0.002724039705602621
T[T>G]C	0.008885702162515371	0.0040882968314690515	0.002390911646252789	0.002017485857650172	0.00026029992274999357	0.0027370927726462924	0.0016629503349395237	0.00041194349777356364	0.005075734255369752	0.0007646677734465346
T[T>G]G	0.0144721738435328	0.007399137478787452	0.006047331859008409	0.005886182073551538	0.0031546026884461753	0.004454379242670257	0.007696141654159874	0.0015394848046162224	0.004569091543671675	0.0020133531622771273
T[T>G]T	0.003806136998464353	0.010456132527324372	0.00866908097465057	0.018970781932584942	0.0042038000345928596	0.009751592163775058	0.002048625353927491	0.000575753765515401	0.07059674624353647	0.06777561757713556
