MutationType	SBS96A	SBS96B	SBS96C	SBS96D	SBS96E	SBS96F	SBS96G	SBS96H	SBS96I
A[C>A]A	0.0024999414727062685	0.04528261560946703	0.018377176447538657	0.007354281813817659	0.0048731896941415975	0.03224989401176572	0.020474560260772705	0.00648587534786202	0.00815577729837969
A[C>A]C	0.0006920133986446992	0.015429736678488553	0.012320351293310524	0.003934408466234646	0.02487225123215467	0.03433361000614241	0.011359321771233227	0.0021109664114192126	0.006638136846336806
A[C>A]G	0.0026763088471489027	0.004176253335463116	0.002526265344640706	0.0014026406565062644	0.0005679492913805007	0.0019187030926588022	0.0032558651203112277	1.1111976401245727e-08	0.0024918930801791817
A[C>A]T	0.00047566707784426406	0.01710527001880109	0.01310010704524757	0.016154828825965525	0.004390574032295262	0.03534611681476235	0.007891582353350373	0.006362348851980642	0.0009667253307459589
A[C>G]A	0.008936416143551468	0.012213390159886331	0.011509522224841931	0.005574055175711796	0.0021484168882781062	0.012016861443407833	0.007102053608687129	0.0015804928619225223	0.031930890940129755
A[C>G]C	0.006416399832814932	0.007268118872307241	0.007838771566603099	0.005456061135337222	0.002806940661976114	0.0032540427456842734	0.0054433786330628205	1.2951817962772997e-08	0.003046134316198561
A[C>G]G	0.0035051345988176765	0.0006009045391328982	0.0015015332917428736	0.002239629378362338	0.0004548972252820801	0.004503817459335551	0.005013269356104075	0.002080270125057666	2.0973363489789067e-05
A[C>G]T	0.011824202677235007	0.005675098145729862	0.015441539839375764	0.008254149812273681	0.0049055210081860425	0.007591050754999742	0.008907467687968164	0.0022480899247106123	0.005896262169117108
A[C>T]A	0.01895902747288346	0.018884804085828363	0.016967397093540056	0.01608580822707154	0.001420234218385305	0.029822410382330418	0.02939501474611461	0.00724139139871113	0.09768460430204869
A[C>T]C	0.013174694254994393	0.010122838676325045	0.014728014937136323	0.006910347592784092	0.003057030109775951	0.016580465984879993	0.007154235377092846	0.0014337169157806783	0.004531884956847989
A[C>T]G	0.013429332480424785	0.011102362805395392	0.01701075836748381	0.01612905531660429	0.00854384851289912	0.02839138752141517	0.21745385065674783	0.01715370326768607	0.002337578031219891
A[C>T]T	0.02446464968845248	0.01393715285230428	0.015704227925743906	0.011250080490717664	0.006424649563850835	0.02326180356554687	0.020574626121670006	0.005885905548930168	0.005648526489967481
A[T>A]A	0.005306845162413083	0.006656572870506352	0.012522835771960672	0.0031766088400036097	0.0058057396265212445	0.013994903249549679	0.010803977302275598	0.006924483401235193	0.004947661841531214
A[T>A]C	0.0009702547992492327	0.0006960108445583474	0.005767701619816649	0.00921119443140924	0.005454874009592459	0.010510480777593329	0.0025948008150267297	0.002113575635322853	1.5433347044790935e-08
A[T>A]G	0.006695881061023101	0.0016915054893555136	0.011385212383465841	0.005078364090913965	0.0021067067522380968	0.011183678023517132	0.006048737375308022	0.0033046294030344824	0.004036529446181341
A[T>A]T	0.005135202019591816	0.013078913260251283	0.005035086536045128	0.01482057181885466	0.006336273241322488	0.018639733442105354	0.015281462394632399	0.013342981876339763	0.027893711617216467
A[T>C]A	0.02593377866782248	0.02215902052819729	0.036806583339348435	0.014018902075767982	0.003051507824857901	0.005325591580476612	0.006512303077324759	0.007601495953276753	0.028214867832139133
A[T>C]C	0.019662694269791246	0.006903176181949675	0.009458867907524109	0.0034311137658585267	0.00023258248682395789	0.008636631832923741	0.0027274262784228653	0.007245272552827373	0.0012488099401395658
A[T>C]G	0.02788670500740409	0.01038017472717911	0.00896762699849205	0.009429471102776006	0.00013747106417213217	0.006315765790406509	0.006281790320642244	0.003949384564766661	0.0050090445133412235
A[T>C]T	0.026761889588087798	0.011430523504968733	0.03556697820895351	0.00887476445554057	0.0063417087309062484	0.009308060496114195	0.014700354281812907	0.009144366327673197	0.006485233169514686
A[T>G]A	0.007883521341718734	0.0014766312060237397	0.007761583535466343	0.0023578564511990406	0.0029925223253667354	0.004370112609685748	0.0011163784975006794	0.0033814639861326156	0.003875460220151581
A[T>G]C	0.004208383810473606	0.0018259578359791462	0.00257003991735246	4.469391657039523e-05	0.0007174814123874284	0.002839997151422722	0.0006800223616312451	0.0042105959937907755	0.0010968564725801092
A[T>G]G	0.005542369985487312	0.0031463357424945573	0.004325814455516052	0.007353641564259305	0.001413785518889199	0.0048830507591628705	0.001992277752542577	0.0022640179516339033	0.0044843815368039944
A[T>G]T	0.005463590148137882	0.00980348138604313	0.002121053868257348	0.006057027688220842	0.0006493166445943644	0.00040763373544905335	0.002103891754120184	0.034334346372634175	0.0036475518356778023
C[C>A]A	0.0044207971405558055	0.04327613387256861	0.013816372302389936	0.014474278580164536	0.023569802418351174	0.02580238278955221	0.0031250763477146393	0.003814455373212695	0.00938066493603401
C[C>A]C	0.0027895763407842066	0.010595710778143258	0.019051861384650693	0.001958065539784002	0.019788729641586542	0.01838265199591774	0.0014512095009649784	2.4273491294746207e-09	0.014244360127486288
C[C>A]G	0.008151981625705957	0.0036224303327617234	0.0021210059986954554	0.0005107072348080521	0.0022140829195268453	0.0004080358801343209	0.004663858621497639	5.304893655466714e-09	0.002378958430841962
C[C>A]T	0.0001142697712930385	0.04393867475911975	0.011066583725826149	0.005176580301366016	0.050080136321485044	0.017238367293030025	0.010277144122228491	0.00440345850215298	1.1578392697941808e-08
C[C>G]A	0.002827775556688721	0.006770468705071986	0.0129346616496332	0.002261798602703493	0.001448135408500093	0.00973846894397866	0.0026876111203372943	0.001841091309596905	0.00015908111383201585
C[C>G]C	0.002657361032179324	0.005911222557770089	0.009705726243555545	0.0024847165815299376	0.001817115010217094	0.006281823457684368	0.0016322517821635075	0.001987708815112468	0.00234106369526347
C[C>G]G	0.007930152732878924	0.0006553786049228484	0.0016524333143024706	0.001528215467424161	0.00036826985036896075	0.001277339053808646	0.0024794228228756767	0.0006833030179261002	0.0009334039067995726
C[C>G]T	0.001895031798594573	0.0059838749884511344	0.017622405717265793	0.0035826738201262744	0.003956691999628674	0.009602861408493672	0.0012557708127697964	0.004938361282693222	3.551841354843432e-05
C[C>T]A	0.019053456764668228	0.018106419946998357	0.009674112134748612	0.02733949903398752	0.03042623834684491	0.00937929697101936	0.015230245194397867	0.0037748535524588078	0.011380538375815376
C[C>T]C	0.017561330502020384	0.0103847142965812	0.004076620485284366	0.006591910993333481	0.148496685475111	0.0012940781516954302	0.011102171263373747	0.004270408726297319	0.0034979945266164236
C[C>T]G	0.024299846868962048	0.010227087355779076	0.009424852376105396	0.02023628200578969	0.007811604051967152	0.01595780957431998	0.11638094358146191	0.008513454392086714	0.0035473849515801703
C[C>T]T	0.01781697934959084	0.0034646654400177436	0.020814499305561184	0.019135049579199405	0.12233742855489255	0.015225374869769439	0.009228913532206206	0.007311428595567122	0.004111961968859579
C[T>A]A	0.0022065489927445016	0.0006805740105363612	0.006296716852484678	0.0013563508520450845	0.03337275797501207	0.012308339560986497	0.00027221535709728075	1.3495733952595402e-09	0.003806296881217861
C[T>A]C	0.00301785421470413	0.0017389300013383035	0.0013498715800233185	0.0011756389974470949	0.026308242455124854	0.015459037169348449	0.004676235515116787	0.005327257118187845	0.024304255628958344
C[T>A]G	0.015090845497325063	7.976002467330545e-05	0.00599683491869655	0.0027697878362232587	0.03484434894286096	0.006655943150399253	5.803714389912784e-05	0.005704345342237503	0.005820581860025414
C[T>A]T	0.0036604924475977896	0.005244528958974115	0.006630012308305595	0.0017921368815601104	0.04641433531418443	0.02343084632884711	0.005422362005047035	0.02362003686837852	0.005647955088643357
C[T>C]A	0.030022979620844124	0.00702047799481079	0.008315246184356511	0.007903750131372362	0.006407786458730698	0.0023724031710298733	0.0007656179941756136	0.0029064187937183307	0.0006964564507295278
C[T>C]C	0.02133783825673163	0.0045604543434455995	0.014005694896331989	0.0053226666324201885	0.00695264472393319	0.014602293253410607	0.0020051783186051325	0.02089029163122177	0.004284425747421993
C[T>C]G	0.03017388466745615	0.0068986663385294375	0.0065566353013855405	0.008280807061019003	0.006637539998628199	0.00205172071364359	0.002151996470209099	0.014414584557525813	4.908077499976571e-09
C[T>C]T	0.02964772066101432	0.003710100718778994	0.0018824909962131642	0.009718856665567727	0.010875373996104243	0.005970932167618781	0.0007152062655040936	0.09820956483483315	0.01644400764256716
C[T>G]A	0.005682914275676012	0.0033790805440440863	0.005242295500647742	0.002010973374108289	0.002026987271674443	0.0013580308637028793	0.0016138739983109112	0.005396208394085988	2.7315767994195995e-08
C[T>G]C	0.004635272201849148	0.003891450117371278	0.001340423520814511	0.0010534747164633984	0.0011393694315484026	0.0014670639162068255	0.0005194465899201716	0.01760870826430619	0.003992822610889561
C[T>G]G	0.008203845783136786	0.0013174143331343658	0.004772272554109804	0.005600301290423886	0.002393357345863478	0.007538306163623929	0.0026449888677260703	0.006791717887390405	0.0001352388986535402
C[T>G]T	1.8563035411034435e-07	0.000426967466561905	0.003056657738491104	0.0002181061265390838	0.0013501930368526515	0.0034410002834016494	2.53542587671518e-07	0.25603497818112375	1.1583151678040693e-07
G[C>A]A	0.00993471534922719	0.06572501502931118	0.008239997011260129	0.006830015825798909	0.010122394324862399	0.026811566218966618	0.006645043278433546	0.0034539982379496337	0.0052232554940621866
G[C>A]C	0.0007119110543790441	0.012141213486902416	0.01260802018630784	0.002017803274413836	0.04381984607782215	0.014577296339994064	0.0005237959049821939	0.0022417478528223	0.0028888824795600954
G[C>A]G	0.008761640940792858	0.003920442926464603	0.0007582136193377664	3.0888651963323355e-05	0.0013504335553443526	9.523409945953131e-05	0.0020072949064103797	1.978972708538418e-08	0.0017501626671085901
G[C>A]T	0.005660365916555748	0.04717181451618671	0.012101277682231739	0.005951989365712662	0.005762577753412188	0.015818665369879456	0.00224558122929011	0.0029102904157480227	0.0026210511961494375
G[C>G]A	0.00539718821644783	0.0021203491803134964	0.01116539592447225	0.002786152353983198	0.0025113098346628247	0.00535938982564403	0.00046892893805193124	0.0015279482294230284	0.002500775533731101
G[C>G]C	0.009012701194733382	0.0015101230366591986	0.0066238861955935134	0.00023108094792405608	0.01947967415791936	0.00517353342819888	3.144973721958877e-05	0.0006221923200023838	7.204579225852825e-05
G[C>G]G	0.0032439227122813465	0.0007168093653776708	0.00046183246013640654	0.0006708822045038687	0.0006728565860612435	0.0022267643694067374	0.00048180051257762813	4.5737004280762755e-05	0.003035298921627927
G[C>G]T	0.0053943389933556315	0.0009449326103763895	0.008240930747124366	0.006475516959326342	0.003781520232005278	0.008404824736062437	0.0019401455724263883	0.001017713289640705	0.0019757216642702245
G[C>T]A	0.017095332387834786	0.007879697186872363	0.027983274944126606	0.013894632260780781	0.010273645885754377	0.017800333796767518	0.016656525961589067	0.0033323049737373368	0.002367398530477658
G[C>T]C	0.016542736580595373	0.009137090342701413	0.015087816724553704	0.012999690975993872	0.012059905091300607	0.012288963639293797	0.01402366536669433	0.005244345081737265	0.0011150946986163035
G[C>T]G	0.01119530075302464	0.0021135490271606844	0.019910004063276573	0.036198722433764485	0.007804846918824753	0.007301670322496623	0.13088261634111403	0.011668999274261295	0.014884943354409187
G[C>T]T	0.02775228729471564	0.004471365956997033	0.025650059862527996	0.004612984736060855	0.008628538895864039	0.02783008571015671	0.010880088088451884	0.0046718052659663915	0.0031691449390729076
G[T>A]A	0.004535344294272364	0.001360059352555254	0.005110704357211944	0.002638859655223769	0.0042095487768528984	0.008173220208846033	0.0014329300631206365	1.1550255339051741e-05	0.00023337617538338407
G[T>A]C	0.0019613990062498487	0.0009240013752696541	0.0018807133575683111	0.005649617737508379	0.003955922217573971	0.006922458546468988	0.0009666930653859041	0.00302127526788297	2.4221309082861354e-08
G[T>A]G	0.008748161243274807	0.00011869783236761577	0.005794590065488592	0.00042728482729216923	0.0022738985008402325	0.0062611129460913165	0.00033809082961468563	2.1329674027015242e-09	0.016422596205957235
G[T>A]T	0.003054175204742933	0.0004623828026706178	0.009618660910928157	0.006741083355736918	0.0027291235266784495	0.01348520917003043	0.00326545832921056	0.005767143879784271	0.0033559103338657793
G[T>C]A	0.020081263119354844	0.0069816275483754	0.019491838883259335	0.009911111281689955	0.0020942606970311317	0.004444023402465973	0.0038657506967866417	0.008176502662245184	0.0024212851796269774
G[T>C]C	0.01855574836023152	0.0021803203511808534	0.004601692926225951	0.0028139960958491824	0.013402460692450404	0.004682466071390081	0.007171897175721824	0.010137347485870123	0.0014536412710127423
G[T>C]G	0.017735921489074827	0.0007092751475283876	0.005416891973582096	0.003965202356339432	0.0022644588697949075	0.0015694915843601498	0.00360872328383266	0.0054322302620857955	0.03184080682694912
G[T>C]T	0.036000187397003176	0.007069953454483766	0.010452474722405895	0.010040725464059506	0.007162258115131408	0.0029345347727590364	0.007066681494470686	0.007950283339014277	0.0023418991218136396
G[T>G]A	0.008529252666048705	9.478192107053473e-05	0.001946654784759403	0.001871042089860566	0.00044419454785384006	0.003072104087332264	0.0013297756769453705	0.0006372947435316645	4.128270855829896e-08
G[T>G]C	0.004460117035778239	0.00018372580842836327	0.0006190364415914473	0.0012911322078491593	0.003163159649980116	0.0026421201761695555	0.00044983275343145833	0.004715270366286859	3.9040708863513626e-08
G[T>G]G	0.00873643508180976	0.0012198837284449838	0.002619816495307532	0.0015771343396772863	0.0031120719900354743	0.006092159076360986	0.003136434554383527	0.0027506988575428082	0.0014065740577684344
G[T>G]T	0.004004147978266701	0.003181632875443938	0.005742027664673514	0.004368060425040312	0.001493713034215034	0.0016306056518806144	0.0009096970366005053	0.06504523307085038	0.0005768136394586687
T[C>A]A	0.004867732440761757	0.058592613488435745	0.015628546919906512	0.01874745687993709	0.0074401365505764264	0.018305425867442382	0.003117555283290585	0.0037407835040411718	0.0016599401370678635
T[C>A]C	0.0044271811036742294	0.03185973165556789	0.014858619589358569	0.008198089069337585	0.013591853976249695	0.020482698949053885	0.0011964378295994038	0.005728450302267447	2.1819870710260148e-09
T[C>A]G	0.0027691531053278596	0.006012857616879046	0.0017800456582193647	0.002216065998072736	0.0002470117376071812	0.0008912485776090762	0.00045907466027319546	1.271871383101697e-08	6.550423171880482e-08
T[C>A]T	0.0006501342765114586	0.10051488392055034	0.012068645042057681	0.03302667112089694	0.014798197844065726	0.026130483559463756	0.00497671751061489	0.007579627155791968	0.00848124008955395
T[C>G]A	0.00568230872566346	0.006750579665905008	0.02030934799578972	0.03428945013321936	0.005879547407384961	0.002026849912567741	0.0021753559519236986	0.003790497640729882	0.0022768187534105435
T[C>G]C	0.005383158159675077	0.0065997485723346475	0.013071946389973164	0.016314787357114256	0.0030509408358193467	0.002983310662093572	0.0019384774323407327	0.001694570135097706	0.0026186821136798244
T[C>G]G	0.004297269145026803	0.0010857473021314945	0.0011805416065908503	0.001443412310048302	0.0005819361192880023	0.0014359278060965153	0.0020321193419635362	0.0008559485648468001	0.0014651779281201994
T[C>G]T	0.0032779527351929714	0.019701252018567175	0.03640017612837255	0.048802745025604964	0.010787343194242566	0.009765878670150415	0.00010560173075646162	0.0020509239850798624	0.0077104023970504445
T[C>T]A	0.00839787127559589	0.025066103753633797	0.015407180001493543	0.08857750736176967	0.002653156085004872	0.016866467791319145	0.004818201637621502	0.00426481828880231	0.004689524641193508
T[C>T]C	0.013476870509330184	0.012202365221455694	0.010258481587390164	0.060666602198034526	0.012741193701513111	0.018926086957283133	0.009957383313885657	0.004028895210358314	0.00993772856425494
T[C>T]G	0.012104727702680975	0.00637452671397192	0.012321937544329557	0.017559741442091763	0.0023220985468651633	0.011300979294464924	0.09031890831887722	0.007174634905532003	0.009820142221869901
T[C>T]T	0.013735429112566635	0.014262446952727688	0.014228859384311364	0.09700759366154671	0.0175126656005159	0.023009000000311062	0.007289142811350767	0.007222316673723981	0.006538549579563551
T[T>A]A	0.0005559972899063888	0.007998083348211386	0.012217685447328961	0.007814077328771986	0.005824798608892365	0.006192255331698106	0.0041323878309987095	0.006963907065801323	0.1453237448632717
T[T>A]C	0.0014208452167622453	0.004806667059019673	0.009639169434350184	0.003082040919252904	0.0019727658146439352	0.01276768720766995	0.0007143281147364178	0.003862223036053152	0.003443105033872058
T[T>A]G	0.006212933806236834	0.0012429270382551749	0.006961402665037895	0.002252866267808713	0.002260806013655383	0.007068013095413335	0.00235152452242403	0.0014990241722748366	0.0025483076011715866
T[T>A]T	0.0008963993741766418	0.007218786156154238	0.014451563250622712	0.008401614463691658	0.006887593576684594	0.028764422088861465	0.009633672202471643	0.01089415954425931	0.07970822416245937
T[T>C]A	0.023997056409716607	0.014576921189436688	0.023657428352744318	0.012671231011045165	0.004450651189545169	0.005259835478213972	0.004525474610719886	0.005414766153553501	0.003868739988992338
T[T>C]C	0.033440454732626676	0.00135129094512763	0.013659669692860915	0.01449165553203784	0.004151463091402547	0.00869637621945003	0.004097092723734477	0.010252743228338659	0.014960550139658153
T[T>C]G	0.01828544239513576	0.0028505913971912378	0.004271000095322961	0.009478743753861636	0.0015316538041224702	0.004547074229340069	0.0018073554081244935	0.004357701867702417	0.004566773121804104
T[T>C]T	0.03019778251647949	0.00878775961449378	0.00828569593942727	0.013844955449769198	0.009396155680296942	0.0021747218702989814	0.0003547101271397566	0.0127168202213943	0.13297534108161926
T[T>G]A	0.010409617363475263	0.005675030709535349	0.009834660310298204	0.001520350971607769	0.002701599789725151	0.0037830850384489166	0.0006015460162637964	0.007547338630538434	0.0017154482721372232
T[T>G]C	0.008495678124018014	0.003608886106230784	0.004090308441664092	0.0019278390624094754	9.502501710358047e-05	0.0012293116217824722	0.001087308674214366	0.004994562585488893	0.00124735731755087
T[T>G]G	0.013624152867123485	0.006905973586108303	0.00384327636991587	0.007520214200776536	0.0031253050206578336	0.005790643446962349	0.002718700875302602	0.005253151547364041	0.002043903036537813
T[T>G]T	0.004585404386161827	0.010683442166482563	0.012726650318363682	0.009066486177325715	0.0026801445180899466	0.003074182191048749	0.004033367110506561	0.07888816390186548	0.07331078797578812
