MutationType	SBS96A	SBS96B	SBS96C	SBS96D	SBS96E	SBS96F	SBS96G	SBS96H	SBS96I
A[C>A]A	1.95E-04	5.45E-04	8.06E-04	5.99E-04	2.62E-04	7.18E-04	4.83E-04	2.59E-04	3.90E-04
A[C>A]C	1.14E-04	4.49E-04	9.63E-04	4.51E-04	5.36E-04	8.37E-04	4.67E-04	1.09E-04	3.52E-04
A[C>A]G	8.12E-05	1.45E-04	2.15E-04	1.51E-04	5.06E-05	1.74E-04	1.56E-04	1.57E-09	2.62E-04
A[C>A]T	1.16E-04	4.87E-04	9.28E-04	7.16E-04	2.83E-04	7.00E-04	4.57E-04	2.28E-04	1.35E-04
A[C>G]A	1.71E-04	3.43E-04	4.75E-04	3.47E-04	1.50E-04	4.47E-04	3.05E-04	1.33E-04	6.87E-04
A[C>G]C	1.28E-04	2.30E-04	3.87E-04	3.56E-04	1.16E-04	2.65E-04	2.45E-04	2.35E-09	2.64E-04
A[C>G]G	1.05E-04	8.00E-05	2.51E-04	2.11E-04	5.15E-05	3.23E-04	2.40E-04	1.06E-04	1.52E-05
A[C>G]T	2.22E-04	3.13E-04	6.09E-04	4.27E-04	1.43E-04	4.82E-04	3.12E-04	1.74E-04	3.58E-04
A[C>T]A	2.96E-04	5.46E-04	8.92E-04	6.88E-04	2.08E-04	8.55E-04	5.99E-04	2.64E-04	1.35E-03
A[C>T]C	1.97E-04	3.09E-04	6.38E-04	3.65E-04	1.58E-04	5.84E-04	3.20E-04	1.05E-04	2.82E-04
A[C>T]G	1.10E-03	6.68E-04	1.98E-03	1.25E-03	4.55E-04	2.29E-03	1.47E-03	3.84E-04	3.01E-04
A[C>T]T	2.53E-04	3.23E-04	7.71E-04	5.07E-04	1.89E-04	6.65E-04	4.17E-04	2.12E-04	3.33E-04
A[T>A]A	1.75E-04	2.88E-04	5.13E-04	3.04E-04	1.85E-04	5.37E-04	3.13E-04	2.47E-04	3.51E-04
A[T>A]C	9.23E-05	1.08E-04	3.97E-04	4.35E-04	1.47E-04	4.03E-04	2.54E-04	1.45E-04	4.37E-09
A[T>A]G	1.72E-04	1.73E-04	4.44E-04	3.36E-04	1.22E-04	4.00E-04	2.75E-04	1.84E-04	3.58E-04
A[T>A]T	2.35E-04	4.60E-04	6.74E-04	7.27E-04	2.18E-04	7.67E-04	4.86E-04	3.66E-04	8.54E-04
A[T>C]A	5.40E-04	6.75E-04	1.26E-03	8.27E-04	2.62E-04	6.33E-04	4.62E-04	2.29E-04	6.11E-04
A[T>C]C	2.59E-04	2.50E-04	5.12E-04	3.06E-04	6.19E-05	3.47E-04	2.35E-04	2.26E-04	1.73E-04
A[T>C]G	2.93E-04	3.28E-04	5.96E-04	4.90E-04	5.39E-05	5.38E-04	3.18E-04	1.95E-04	3.12E-04
A[T>C]T	4.48E-04	6.07E-04	1.04E-03	7.67E-04	2.84E-04	7.89E-04	4.40E-04	3.30E-04	3.93E-04
A[T>G]A	1.63E-04	1.38E-04	3.56E-04	1.97E-04	1.18E-04	3.23E-04	1.31E-04	1.51E-04	2.27E-04
A[T>G]C	1.27E-04	1.06E-04	2.20E-04	2.09E-05	5.77E-05	2.00E-04	9.01E-05	1.49E-04	1.97E-04
A[T>G]G	1.52E-04	1.76E-04	2.94E-04	3.26E-04	9.98E-05	3.17E-04	1.99E-04	1.51E-04	2.86E-04
A[T>G]T	1.38E-04	3.02E-04	3.13E-04	4.02E-04	6.97E-05	1.06E-04	2.17E-04	4.46E-04	3.22E-04
C[C>A]A	2.45E-04	5.33E-04	8.99E-04	7.61E-04	3.07E-04	6.81E-04	3.46E-04	1.74E-04	4.01E-04
C[C>A]C	1.94E-04	3.76E-04	8.98E-04	2.23E-04	2.62E-04	8.44E-04	1.95E-04	9.94E-10	4.83E-04
C[C>A]G	1.46E-04	1.60E-04	2.07E-04	1.18E-04	8.32E-05	8.91E-05	1.90E-04	1.28E-09	3.45E-04
C[C>A]T	6.41E-05	5.49E-04	1.13E-03	5.84E-04	7.40E-04	9.13E-04	4.67E-04	2.30E-04	3.94E-09
C[C>G]A	1.56E-04	2.63E-04	3.88E-04	2.40E-04	1.22E-04	3.91E-04	2.16E-04	1.29E-04	6.23E-05
C[C>G]C	1.23E-04	2.36E-04	3.66E-04	2.09E-04	1.11E-04	3.22E-04	1.74E-04	1.29E-04	1.88E-04
C[C>G]G	1.29E-04	7.79E-05	1.61E-04	1.30E-04	3.62E-05	1.30E-04	1.43E-04	5.99E-05	1.10E-04
C[C>G]T	1.77E-04	3.09E-04	6.69E-04	3.18E-04	1.82E-04	5.96E-04	1.64E-04	1.90E-04	2.53E-05
C[C>T]A	3.12E-04	5.22E-04	6.77E-04	6.56E-04	3.05E-04	6.66E-04	4.70E-04	1.73E-04	4.70E-04
C[C>T]C	6.69E-04	5.92E-04	7.60E-04	7.15E-04	1.12E-03	7.84E-04	5.14E-04	1.88E-04	3.40E-04
C[C>T]G	6.34E-04	5.35E-04	9.58E-04	9.85E-04	2.59E-04	1.19E-03	8.99E-04	2.50E-04	2.65E-04
C[C>T]T	5.33E-04	3.95E-04	8.65E-04	7.32E-04	8.12E-04	9.69E-04	4.78E-04	2.96E-04	2.95E-04
C[T>A]A	1.81E-04	1.05E-04	5.45E-04	2.29E-04	3.15E-04	5.59E-04	7.15E-05	9.50E-10	3.27E-04
C[T>A]C	1.94E-04	1.87E-04	3.54E-04	2.02E-04	2.97E-04	6.48E-04	3.59E-04	2.01E-04	7.94E-04
C[T>A]G	3.03E-04	3.71E-05	5.13E-04	3.32E-04	4.58E-04	6.49E-04	4.68E-05	1.67E-04	3.18E-04
C[T>A]T	2.48E-04	3.07E-04	7.07E-04	3.07E-04	5.03E-04	6.87E-04	3.90E-04	4.51E-04	3.44E-04
C[T>C]A	2.81E-04	2.77E-04	4.65E-04	3.87E-04	1.27E-04	2.54E-04	1.42E-04	1.39E-04	1.15E-04
C[T>C]C	3.10E-04	2.72E-04	6.70E-04	4.05E-04	2.25E-04	5.08E-04	2.25E-04	3.56E-04	2.59E-04
C[T>C]G	2.84E-04	2.96E-04	4.92E-04	3.77E-04	1.55E-04	2.75E-04	2.10E-04	2.93E-04	3.77E-09
C[T>C]T	3.68E-04	3.03E-04	3.58E-04	5.13E-04	2.90E-04	5.19E-04	1.49E-04	7.13E-04	5.51E-04
C[T>G]A	1.13E-04	1.82E-04	2.84E-04	2.09E-04	9.66E-05	1.36E-04	1.41E-04	2.09E-04	8.43E-09
C[T>G]C	1.05E-04	1.53E-04	2.02E-04	1.35E-04	6.83E-05	1.79E-04	7.26E-05	2.82E-04	2.13E-04
C[T>G]G	1.61E-04	1.44E-04	3.36E-04	3.49E-04	1.22E-04	3.29E-04	2.41E-04	2.00E-04	7.32E-05
C[T>G]T	5.42E-08	1.60E-04	4.91E-04	1.26E-04	1.81E-04	4.97E-04	3.97E-08	1.10E-03	1.94E-08
G[C>A]A	2.59E-04	9.41E-04	1.09E-03	6.57E-04	4.61E-04	1.22E-03	5.17E-04	1.85E-04	3.28E-04
G[C>A]C	1.50E-04	4.44E-04	1.27E-03	3.31E-04	8.75E-04	1.40E-03	1.19E-04	1.20E-04	2.08E-04
G[C>A]G	1.46E-04	1.32E-04	1.67E-04	3.09E-05	6.69E-05	3.43E-05	1.33E-04	3.05E-09	1.74E-04
G[C>A]T	2.10E-04	5.79E-04	7.77E-04	4.37E-04	2.31E-04	5.94E-04	2.86E-04	1.44E-04	2.01E-04
G[C>G]A	1.69E-04	1.82E-04	4.53E-04	2.41E-04	1.20E-04	4.04E-04	9.50E-05	1.09E-04	1.98E-04
G[C>G]C	2.12E-04	1.62E-04	4.74E-04	5.80E-05	3.95E-04	5.74E-04	1.55E-05	7.25E-05	4.18E-05
G[C>G]G	9.34E-05	7.35E-05	1.18E-04	1.03E-04	5.22E-05	1.72E-04	7.97E-05	2.63E-05	2.41E-04
G[C>G]T	1.35E-04	1.15E-04	4.42E-04	3.07E-04	1.31E-04	4.00E-04	1.84E-04	9.58E-05	2.20E-04
G[C>T]A	3.21E-04	3.80E-04	8.11E-04	5.67E-04	2.41E-04	8.98E-04	4.02E-04	1.57E-04	2.51E-04
G[C>T]C	2.56E-04	3.33E-04	6.32E-04	5.08E-04	2.23E-04	6.64E-04	3.84E-04	2.05E-04	1.48E-04
G[C>T]G	7.35E-04	3.58E-04	1.52E-03	1.23E-03	3.43E-04	1.09E-03	1.01E-03	3.15E-04	5.04E-04
G[C>T]T	3.83E-04	3.54E-04	1.14E-03	5.31E-04	2.84E-04	1.03E-03	4.76E-04	2.47E-04	2.31E-04
G[T>A]A	1.18E-04	1.39E-04	3.39E-04	2.25E-04	1.20E-04	3.09E-04	1.47E-04	1.10E-05	7.79E-05
G[T>A]C	9.31E-05	1.04E-04	2.35E-04	2.77E-04	1.15E-04	2.75E-04	1.32E-04	1.67E-04	5.32E-09
G[T>A]G	1.79E-04	4.31E-05	4.73E-04	1.07E-04	1.19E-04	4.27E-04	7.38E-05	8.91E-10	6.11E-04
G[T>A]T	1.52E-04	8.25E-05	5.46E-04	4.07E-04	1.42E-04	5.18E-04	2.62E-04	2.07E-04	2.48E-04
G[T>C]A	3.28E-04	3.66E-04	7.54E-04	4.51E-04	1.55E-04	4.42E-04	2.90E-04	2.47E-04	2.22E-04
G[T>C]C	2.35E-04	1.81E-04	3.70E-04	2.72E-04	2.17E-04	3.82E-04	2.74E-04	2.65E-04	1.78E-04
G[T>C]G	2.22E-04	9.80E-05	3.66E-04	2.71E-04	1.30E-04	2.00E-04	2.50E-04	2.00E-04	7.57E-04
G[T>C]T	3.18E-04	3.10E-04	6.28E-04	4.40E-04	1.66E-04	3.80E-04	2.79E-04	2.50E-04	2.54E-04
G[T>G]A	1.40E-04	3.14E-05	2.02E-04	1.69E-04	4.80E-05	1.98E-04	1.13E-04	6.12E-05	5.84E-09
G[T>G]C	9.14E-05	4.52E-05	1.12E-04	1.26E-04	1.03E-04	1.73E-04	7.36E-05	1.35E-04	6.33E-09
G[T>G]G	1.48E-04	1.17E-04	2.54E-04	1.78E-04	1.02E-04	2.60E-04	1.65E-04	1.28E-04	1.84E-04
G[T>G]T	1.20E-04	1.95E-04	2.97E-04	3.07E-04	9.79E-05	2.02E-04	1.43E-04	5.55E-04	1.01E-04
T[C>A]A	2.45E-04	5.52E-04	8.34E-04	7.14E-04	2.86E-04	8.07E-04	3.53E-04	1.61E-04	2.10E-04
T[C>A]C	1.88E-04	4.80E-04	7.06E-04	4.54E-04	1.99E-04	6.80E-04	1.66E-04	1.82E-04	2.18E-09
T[C>A]G	6.48E-05	1.32E-04	1.97E-04	1.54E-04	3.89E-05	1.10E-04	7.72E-05	1.57E-09	1.16E-08
T[C>A]T	1.61E-04	9.50E-04	1.69E-03	1.32E-03	5.34E-04	1.59E-03	5.15E-04	2.53E-04	4.29E-04
T[C>G]A	3.15E-04	5.09E-04	1.01E-03	7.16E-04	2.18E-04	3.66E-04	2.62E-04	1.74E-04	2.01E-04
T[C>G]C	2.18E-04	2.77E-04	5.95E-04	4.63E-04	1.28E-04	2.50E-04	2.01E-04	9.51E-05	2.48E-04
T[C>G]G	1.02E-04	9.05E-05	1.54E-04	1.56E-04	5.44E-05	1.60E-04	1.51E-04	7.87E-05	1.86E-04
T[C>G]T	4.16E-04	8.56E-04	1.77E-03	1.37E-03	2.89E-04	7.71E-04	7.70E-05	1.45E-04	4.74E-04
T[C>T]A	6.21E-04	1.08E-03	1.26E-03	1.25E-03	2.62E-04	1.44E-03	6.67E-04	1.93E-04	3.31E-04
T[C>T]C	5.02E-04	7.90E-04	9.45E-04	1.27E-03	2.99E-04	1.23E-03	6.12E-04	1.79E-04	3.88E-04
T[C>T]G	4.48E-04	3.92E-04	8.70E-04	6.53E-04	2.29E-04	9.63E-04	6.76E-04	2.18E-04	4.02E-04
T[C>T]T	7.52E-04	1.22E-03	1.46E-03	1.51E-03	4.07E-04	1.83E-03	7.30E-04	2.38E-04	3.75E-04
T[T>A]A	1.78E-04	4.56E-04	8.22E-04	6.67E-04	3.64E-04	5.65E-04	4.27E-04	2.49E-04	1.76E-03
T[T>A]C	1.06E-04	2.13E-04	4.88E-04	2.29E-04	1.35E-04	4.51E-04	1.19E-04	1.59E-04	3.04E-04
T[T>A]G	1.35E-04	1.23E-04	3.75E-04	2.18E-04	1.03E-04	2.99E-04	1.87E-04	1.57E-04	2.30E-04
T[T>A]T	1.32E-04	3.97E-04	8.19E-04	5.38E-04	2.65E-04	7.50E-04	4.81E-04	2.88E-04	1.09E-03
T[T>C]A	3.85E-04	6.04E-04	1.00E-03	6.99E-04	2.15E-04	5.13E-04	3.91E-04	2.25E-04	3.26E-04
T[T>C]C	3.38E-04	2.01E-04	6.26E-04	5.63E-04	1.97E-04	5.52E-04	3.39E-04	3.00E-04	5.27E-04
T[T>C]G	2.41E-04	2.02E-04	3.89E-04	3.75E-04	1.12E-04	3.98E-04	2.06E-04	1.80E-04	3.42E-04
T[T>C]T	3.20E-04	4.95E-04	7.76E-04	7.17E-04	3.44E-04	3.88E-04	1.06E-04	3.04E-04	1.56E-03
T[T>G]A	1.89E-04	2.44E-04	4.93E-04	1.90E-04	1.11E-04	3.33E-04	1.11E-04	2.01E-04	1.34E-04
T[T>G]C	1.32E-04	1.81E-04	2.75E-04	1.76E-04	2.29E-05	1.50E-04	1.10E-04	1.92E-04	1.46E-04
T[T>G]G	1.88E-04	2.64E-04	3.46E-04	3.81E-04	1.11E-04	3.82E-04	2.06E-04	2.09E-04	1.71E-04
T[T>G]T	2.15E-04	4.44E-04	7.43E-04	6.23E-04	1.79E-04	3.46E-04	3.68E-04	7.31E-04	1.26E-03
