NMF_Replicate	L1	L1 %	L2	L2 %	KL Divergence	Correlation	Convergence Iterations
1	283.238	40.353	40.827	35.065	0.21	0.86	50000.0
2	278.712	39.54	40.218	34.408	0.201	0.866	90000.0
3	284.971	39.871	41.448	34.486	0.208	0.866	50000.0
4	285.134	40.299	41.06	34.443	0.21	0.866	180000.0
5	282.717	39.69	40.301	34.335	0.21	0.864	40000.0
6	281.217	40.275	40.417	34.822	0.214	0.86	100000.0
7	281.154	40.272	40.766	34.673	0.212	0.864	120000.0
8	281.228	39.803	39.971	34.308	0.218	0.863	80000.0
9	280.764	39.562	40.369	34.212	0.2	0.868	100000.0
10	286.228	40.502	40.479	34.693	0.216	0.862	160000.0
11	286.029	39.739	40.72	34.173	0.199	0.872	60000.0
12	284.063	40.182	40.62	34.905	0.207	0.862	80000.0
13	281.974	39.471	40.481	34.201	0.202	0.866	70000.0
14	284.075	39.944	41.087	34.414	0.214	0.866	80000.0
15	281.764	39.441	40.636	34.2	0.2	0.868	60000.0
16	285.071	40.058	40.899	34.697	0.202	0.865	60000.0
17	282.693	40.043	40.685	34.75	0.212	0.861	50000.0
18	281.329	39.834	40.481	34.539	0.204	0.867	80000.0
19	287.404	40.682	41.691	35.032	0.214	0.861	70000.0
20	285.338	39.607	40.849	33.833	0.201	0.871	60000.0
21	282.235	40.026	40.716	34.504	0.209	0.864	90000.0
22	279.812	39.231	40.187	33.8	0.197	0.873	40000.0
23	281.717	40.339	40.495	34.945	0.208	0.861	80000.0
24	285.888	40.107	40.713	34.51	0.205	0.865	80000.0
25	284.751	39.813	40.847	34.63	0.202	0.864	100000.0
26	281.525	40.035	40.435	34.484	0.207	0.865	90000.0
27	284.187	39.828	40.899	34.409	0.205	0.868	80000.0
28	286.191	40.058	40.986	34.511	0.2	0.869	50000.0
29	283.552	39.729	40.724	34.446	0.206	0.864	110000.0
30	280.493	39.571	40.056	34.057	0.2	0.871	70000.0
31	283.015	39.797	40.718	34.482	0.208	0.866	50000.0
32	280.151	40.093	40.22	34.421	0.206	0.865	60000.0
33	283.361	39.869	40.455	34.523	0.2	0.866	90000.0
34	284.075	39.641	41.079	34.362	0.203	0.867	50000.0
35	281.325	39.576	40.494	34.355	0.201	0.868	140000.0
36	287.955	40.238	41.447	34.58	0.213	0.863	60000.0
37	282.637	39.782	41.024	34.528	0.209	0.866	60000.0
38	285.683	40.492	41.107	34.944	0.212	0.859	60000.0
39	282.724	39.637	40.778	34.085	0.199	0.871	60000.0
40	281.969	39.664	40.429	34.142	0.201	0.869	100000.0
41	281.476	39.723	40.767	34.616	0.211	0.864	100000.0
42	286.855	40.455	41.333	34.773	0.21	0.865	50000.0
43	283.424	40.132	40.402	34.518	0.21	0.863	90000.0
44	283.75	39.511	41.0	34.124	0.202	0.869	60000.0
45	284.313	40.072	40.742	34.667	0.202	0.864	110000.0
46	280.311	39.515	40.006	34.004	0.201	0.87	80000.0
47	285.09	40.304	40.464	34.658	0.212	0.864	90000.0
48	286.654	40.068	41.026	34.703	0.209	0.863	70000.0
49	284.759	39.835	41.22	34.634	0.207	0.865	70000.0
50	279.325	39.412	40.38	33.975	0.191	0.873	160000.0
51	285.576	40.822	41.215	35.38	0.216	0.857	60000.0
52	286.571	40.226	41.319	34.782	0.211	0.865	100000.0
53	283.905	40.3	40.954	34.835	0.208	0.866	50000.0
54	283.931	39.586	41.286	34.594	0.197	0.868	60000.0
55	279.851	39.053	40.238	33.728	0.195	0.874	130000.0
56	284.038	40.142	40.57	34.583	0.202	0.865	80000.0
57	283.379	39.835	40.637	34.341	0.204	0.867	60000.0
58	284.825	40.222	40.755	34.616	0.206	0.866	60000.0
59	282.667	39.993	40.619	34.654	0.21	0.864	120000.0
60	284.787	39.881	40.755	34.42	0.199	0.869	70000.0
61	283.277	39.984	40.925	34.513	0.205	0.865	70000.0
62	282.278	39.683	40.336	34.173	0.201	0.867	80000.0
63	283.139	40.038	40.428	34.499	0.201	0.867	130000.0
64	282.51	39.915	40.638	34.398	0.202	0.87	60000.0
65	279.566	39.593	40.265	34.035	0.207	0.869	80000.0
66	281.749	39.528	40.636	34.154	0.2	0.868	70000.0
67	281.422	39.38	40.518	34.263	0.201	0.87	100000.0
68	280.101	39.547	40.102	34.014	0.201	0.87	70000.0
69	286.209	40.33	41.007	34.796	0.214	0.864	90000.0
70	286.41	40.04	41.102	34.634	0.2	0.867	50000.0
71	283.318	39.874	40.495	34.237	0.203	0.869	60000.0
72	281.185	40.185	40.505	34.631	0.219	0.861	140000.0
73	283.353	40.385	40.493	34.657	0.207	0.864	110000.0
74	286.028	40.587	41.045	34.947	0.214	0.859	70000.0
75	287.279	40.472	40.819	34.469	0.212	0.867	60000.0
76	282.986	39.954	40.391	34.242	0.206	0.869	120000.0
77	284.238	40.647	40.797	34.936	0.217	0.859	70000.0
78	279.861	39.588	40.232	34.131	0.204	0.869	70000.0
79	283.889	40.088	40.735	34.68	0.211	0.863	50000.0
80	281.865	39.395	40.424	33.951	0.201	0.87	40000.0
81	282.859	40.117	40.902	34.705	0.207	0.864	80000.0
82	285.753	40.633	41.587	35.124	0.205	0.861	90000.0
83	287.297	39.868	41.099	34.278	0.204	0.869	80000.0
84	280.848	39.492	40.431	34.13	0.198	0.87	70000.0
85	281.519	39.833	40.21	34.266	0.207	0.865	60000.0
86	283.816	39.443	40.626	34.14	0.205	0.868	60000.0
87	282.712	39.829	40.348	34.433	0.205	0.864	120000.0
88	284.451	40.374	40.805	34.908	0.21	0.862	130000.0
89	278.086	39.85	39.629	34.219	0.212	0.865	40000.0
90	283.508	40.054	40.677	34.703	0.205	0.863	50000.0
91	276.629	39.59	39.8	34.227	0.203	0.866	40000.0
92	286.979	40.23	41.463	35.123	0.202	0.861	50000.0
93	282.424	39.576	40.826	34.39	0.202	0.867	100000.0
94	282.76	39.256	40.288	33.939	0.199	0.869	140000.0
95	281.05	40.027	40.491	34.482	0.211	0.863	60000.0
96	281.518	39.787	40.302	34.193	0.201	0.872	60000.0
97	284.479	39.941	40.869	34.285	0.199	0.87	60000.0
98	283.788	40.38	40.561	34.551	0.212	0.863	70000.0
99	281.478	39.868	40.469	34.541	0.202	0.864	60000.0
100	281.659	39.702	40.339	34.17	0.2	0.871	70000.0
