Samples	SBS1	SBS2	SBS5	SBS8	SBS13	SBS17a	SBS17b	SBS18	SBS31	SBS35	SBS46	SBS57	SBS84	SBS90
AX4912_vs_AX4894	246	0	1305	0	0	0	0	0	0	0	0	0	0	0
AX4914_vs_AX4895	102	0	456	0	0	0	0	128	0	0	0	0	0	0
AX4915_vs_AX4895	150	0	1691	0	0	0	0	0	0	1148	0	0	0	0
AX4916_vs_AX4896	34	0	94	0	0	0	0	0	0	0	0	0	0	0
AX4918_vs_AX4897	198	88	1190	440	138	77	203	0	0	0	0	0	0	0
AX4921_vs_AX4898	96	40	403	0	19	0	0	159	0	0	0	0	0	0
AX4922_vs_AX4899	125	0	706	0	0	0	0	0	1791	1776	0	0	0	0
AX4923_vs_AX4906	50	0	1417	809	0	0	0	0	0	0	0	0	287	0
AX4924_vs_AX4901	4	0	54	0	0	0	0	0	0	0	0	81	0	70
AX4925_vs_AX4901	22	0	152	0	0	0	0	0	0	0	0	0	0	0
AX4926_vs_AX4904	2	0	3	0	0	0	0	0	0	0	0	110	0	66
AX4927_vs_AX4905	43	0	366	0	0	0	0	140	223	0	0	0	0	0
AX4928_vs_AQ5174	74	0	1283	0	0	0	0	0	0	0	0	0	0	0
AX4929_vs_AQ5174	1	0	43	0	0	0	0	0	0	0	0	138	0	76
AX4930_vs_AX4900	150	47	288	0	0	0	0	122	0	0	0	0	0	0
AX4931_vs_AX4907	16	0	120	0	0	0	0	0	0	0	0	99	0	33
AX4932_vs_AX4908	156	0	258	118	0	0	0	0	0	0	0	0	0	0
AX4933_vs_AX4909	45	0	144	0	0	0	0	0	0	0	0	0	0	0
AX4934_vs_AX4909	25	0	81	0	0	0	0	0	0	0	0	0	0	0
AX4935_vs_AX4910	43	174	372	0	28	0	0	151	0	0	0	0	0	0
AX4936_vs_AX4911	73	0	397	0	0	0	0	0	0	0	0	149	0	66
AX4937_vs_AX4894	220	0	1068	0	0	0	0	224	0	0	0	0	0	0
AX4938_vs_AX4896	34	0	124	0	0	0	0	0	0	0	0	0	0	0
AX4940_vs_AX4904	69	0	488	314	0	0	0	0	0	0	0	0	0	0
AX4942_vs_AX4898	94	0	1409	0	0	0	0	508	0	0	0	0	0	0
AX4943_vs_AX4898	91	0	1499	0	0	0	0	557	0	0	0	0	0	0
AX4944_vs_AX4897	195	0	1656	0	0	94	208	0	0	0	0	0	0	0
AX4945_vs_AX4898	102	40	465	0	0	0	0	197	0	0	0	0	0	0
AX4946_vs_AX4895	25	0	2652	0	0	0	0	1722	0	0	0	0	0	0
AX4947_vs_AX4895	29	0	2617	0	0	0	0	1647	0	0	0	0	0	0
AX4951_vs_AX4903	48	0	104	0	0	0	0	0	0	0	0	0	0	0
AX4958_vs_AQ5174	90	0	1994	0	0	0	0	859	0	0	0	0	0	0
AX4961_vs_AQ5174	83	0	2012	0	0	0	0	888	0	0	0	0	0	0
DIAF_vs_BLOOD	116	0	750	0	0	0	0	193	185	0	0	0	0	0
HK_vs_BLOOD	7	0	7	0	0	0	0	0	0	0	0	0	0	4
LNMETA_vs_BLOOD	106	0	619	0	0	0	0	142	0	0	0	0	0	0
LN_vs_BLOOD	88	0	354	120	0	0	0	0	0	0	0	0	0	0
OMEN_vs_BLOOD	116	0	599	0	0	0	0	152	0	0	0	0	0	0
PABKLN-01A_vs_PABKLN-11A	72	0	617	0	0	41	80	0	0	0	0	0	0	0
PADWRZ-01A_vs_PADWRZ-10A	79	0	403	0	0	0	0	139	0	0	0	0	0	0
PADYZI-01A_vs_PADYZI-10A	45	0	292	0	0	184	631	0	0	0	0	0	0	0
PAEHIP-01A_vs_PAEHIP-10A	62	0	118	0	0	0	0	0	0	0	0	0	0	0
PAJLWM-01A_vs_PAJLWM-11A	49	0	151	0	0	0	0	58	0	0	0	0	0	0
PAJMBW-01A_vs_PAJMBW-10A	26	0	284	0	0	62	122	95	0	0	0	0	0	0
PAJMRB-01A_vs_PAJMRB-11A	81	25	142	0	0	0	0	64	0	0	0	0	0	0
PAJNER-01A_vs_PAJNER-11A	37	0	204	0	0	0	0	0	0	0	0	0	0	0
PAJNFP-01A_vs_PAJNFP-11A	48	0	378	186	0	0	70	0	0	0	0	0	0	0
PAJNFZ-01A_vs_PAJNFZ-10A	91	0	339	0	0	31	46	84	0	0	0	0	0	0
PAKHTL-01A_vs_PAKHTL-11A	156	50	613	0	31	0	0	0	0	0	0	0	0	0
PAKLYZ-01A_vs_PAKLYZ-10A	28	0	398	309	0	0	0	396	0	0	0	0	0	0
PAKTCT-01A_vs_PAKTCT-11A	98	0	529	261	0	0	0	0	0	0	0	0	0	0
PARECB-01A_vs_PARECB-11A	33	0	243	0	0	0	0	0	0	0	0	0	0	0
PAREWI-01A_vs_PAREWI-11A	56	0	266	0	0	0	25	0	0	0	0	0	0	0
PARGRN-01A_vs_PARGRN-10A	46	0	163	95	0	0	0	0	0	0	0	0	0	0
PARIRN-01A_vs_PARIRN-10A	123	33	300	186	0	0	0	0	0	0	0	0	0	0
PARPFY-01A_vs_PARPFY-11A	65	0	312	0	0	0	0	121	0	0	0	0	0	0
PARRCL-01A_vs_PARRCL-11A	68	0	345	0	0	0	0	96	0	0	0	0	0	0
PARTKH-01A_vs_PARTKH-10A	57	0	301	180	0	0	0	0	0	0	0	0	0	0
PARUGK-01A_vs_PARUGK-10A	68	0	287	0	0	0	0	0	0	0	0	0	0	0
PARZBI-01A_vs_PARZBI-11A	91	0	496	0	0	0	0	0	0	0	0	0	0	0
PARZRH-01A_vs_PARZRH-10A	80	56	435	0	32	0	0	327	0	0	0	0	0	0
PASABD-01A_vs_PASABD-10A	48	18	171	81	0	0	0	0	0	0	0	0	0	0
PASADZ-01A_vs_PASADZ-10A	58	0	376	0	0	18	39	101	0	0	0	0	0	0
PASCDH-01A_vs_PASCDH-10A	51	0	190	0	0	0	0	0	0	0	0	0	0	0
PASDLA-01A_vs_PASDLA-11A	44	0	143	95	0	0	0	0	0	0	0	0	0	0
PASGCL-01A_vs_PASGCL-10A	98	0	415	0	0	0	0	0	0	0	0	0	0	0
PASRHU-01A_vs_PASRHU-10A	69	0	112	0	0	0	0	47	0	0	0	0	0	0
PASVDP-01A_vs_PASVDP-10A	50	0	224	0	0	0	0	91	0	0	0	0	0	0
PASWZZ-01A_vs_PASWZZ-10A	43	0	181	0	0	0	0	0	0	0	0	0	0	0
PASXNA-01A_vs_PASXNA-11A	73	0	292	131	0	0	0	0	0	0	0	0	0	0
PASYNF-01A_vs_PASYNF-10A	73	0	203	0	0	0	0	60	0	0	0	0	0	0
PASZYE-01A_vs_PASZYE-10A	83	0	301	0	0	0	0	107	0	0	0	0	0	0
PATAFT-01A_vs_PATAFT-10A	31	0	249	102	0	0	0	0	0	0	0	0	0	0
PATBLF-01A_vs_PATBLF-10A	89	0	433	0	0	0	0	203	0	0	0	0	0	0
PATDVL-01A_vs_PATDVL-10A	50	0	229	0	0	0	0	76	0	0	0	0	0	0
PATENH-01A_vs_PATENH-11A	137	48	323	0	21	0	0	132	0	0	0	0	0	0
PATFXW-01A_vs_PATFXW-10A	99	0	254	129	0	0	0	0	0	0	0	0	0	0
PATFZZ-01A_vs_PATFZZ-10A	72	0	305	177	0	0	0	0	0	0	0	0	0	0
PATXEE-01A_vs_PATXEE-10A	82	0	283	0	0	0	0	118	0	0	0	0	0	0
PATXKA-01A_vs_PATXKA-10A	38	0	306	0	0	0	0	98	0	0	0	0	0	0
PAUCGJ-01A_vs_PAUCGJ-10A	47	33	355	264	46	27	54	0	0	0	0	0	0	0
PAUDPV-01A_vs_PAUDPV-11A	33	20	117	90	8	0	18	0	0	0	0	0	0	0
PAUEKW-01A_vs_PAUEKW-10A	277	0	990	0	0	0	0	0	0	0	0	0	0	0
PAUFVP-01A_vs_PAUFVP-11A	118	19	357	170	40	0	0	0	0	0	0	0	0	0
PAUGYZ-01A_vs_PAUGYZ-10A	72	0	209	0	0	0	0	154	0	0	0	0	0	0
PAUHAZ-01A_vs_PAUHAZ-10A	58	0	119	82	0	0	0	0	0	0	0	0	0	0
PAUNPA-01A_vs_PAUNPA-11A	101	39	306	0	0	0	0	315	0	0	0	0	0	0
PAVCKS-01A_vs_PAVCKS-11A	159	0	571	286	0	0	82	0	0	0	0	0	0	0
PAVITI-01A_vs_PAVITI-10A	97	0	448	0	0	0	0	172	0	0	0	0	0	0
PAVYDM-01A_vs_PAVYDM-11A	60	0	263	157	0	0	0	0	0	0	0	0	0	0
PAVYKD-01A_vs_PAVYKD-10A	50	0	157	88	0	0	0	0	0	0	0	0	0	0
PAWDGA-01A_vs_PAWDGA-11A	45	60	452	0	119	0	0	116	0	0	0	0	0	0
PAWFBL-01A_vs_PAWFBL-11A	60	0	339	0	0	0	0	211	0	0	0	0	0	0
PAWFWK-01A_vs_PAWFWK-10A	57	0	195	0	0	0	0	58	0	0	0	0	0	0
SJBT030128_D1_vs_SJBT030128_G1	51	0	43	0	0	0	0	64	0	0	0	0	0	0
SJBT030255_D1_vs_SJBT030255_G1	132	0	573	431	0	0	0	0	0	0	0	0	0	0
SJBT030581_D1_vs_SJBT030581_G1	282	0	586	0	0	0	0	207	0	0	0	0	0	0
SJBT030707_D2_vs_SJBT030707_G1	47	0	115	0	0	0	0	0	0	0	0	0	0	0
SJBT030896_D1_vs_SJBT030896_G1	120	0	59	0	0	0	0	0	1069	572	0	0	0	0
SJBT030997_D1_vs_SJBT030997_G1	69	0	331	0	0	0	0	0	0	0	0	0	0	0
SJBT031235_D1_vs_SJBT031235_G1	21	0	16	0	0	0	0	0	0	0	0	0	0	0
SJBT031605_D1_vs_SJBT031605_G1	113	0	810	445	0	0	0	0	0	0	0	0	0	0
SJBT031948_D2_vs_SJBT031948_G1	89	0	563	0	0	0	0	693	2861	1501	0	0	0	0
SJBT032047_D1_vs_SJBT032047_G1	0	0	2	0	0	0	0	0	0	0	0	5	0	0
SJBT032346_D1_vs_SJBT032346_G1	222	0	440	0	0	0	0	0	0	0	0	0	0	0
SJBT032393_D1_vs_SJBT032393_G1	310	0	437	244	0	0	0	0	0	0	0	0	0	0
SJBT032417_D2_vs_SJBT032417_G1	41	0	54	0	0	0	0	0	0	0	0	0	0	0
SJBT033133_D3_vs_SJBT033133_G1	1	0	8	0	0	0	0	0	0	0	0	0	0	0
SJBT033236_D2_vs_SJBT033236_G1	19	0	21	17	0	0	0	0	0	0	0	0	0	0
SJBT034089_D1_vs_SJBT034089_G1	24	0	22	0	0	0	0	0	0	0	0	0	0	0
SJBT034110_D2_vs_SJBT034110_G1	27	0	92	0	0	0	0	0	0	0	0	0	0	0
SJMRT014754_D1_vs_SJMRT014754_G1	77	0	376	255	0	0	0	243	219	0	0	0	0	0
SJMRT015723_D1_vs_SJMRT015723_G1	81	0	475	0	0	0	0	0	0	0	0	0	0	0
SJMRT063832_X1_vs_SJMRT063832_G1	820	0	11179	0	0	0	0	0	2145	0	3420	0	0	0
