MutationType	AX4912_vs_AX4894	AX4914_vs_AX4895	AX4915_vs_AX4895	AX4916_vs_AX4896	AX4918_vs_AX4897	AX4921_vs_AX4898	AX4923_vs_AX4906	AX4925_vs_AX4901	AX4927_vs_AX4905	AX4928_vs_AQ5174	AX4930_vs_AX4900	AX4932_vs_AX4908	AX4933_vs_AX4909	AX4934_vs_AX4909	AX4935_vs_AX4910	AX4937_vs_AX4894	AX4938_vs_AX4896	AX4940_vs_AX4904	AX4942_vs_AX4898	AX4943_vs_AX4898	AX4944_vs_AX4897	AX4945_vs_AX4898	AX4946_vs_AX4895	AX4947_vs_AX4895	AX4951_vs_AX4903	AX4958_vs_AQ5174	AX4961_vs_AQ5174	DIAF_vs_BLOOD	LNMETA_vs_BLOOD	LN_vs_BLOOD	OMEN_vs_BLOOD	PADWRZ-01A_vs_PADWRZ-10A	PADYZI-01A_vs_PADYZI-10A	PAEHIP-01A_vs_PAEHIP-10A	PAJLWM-01A_vs_PAJLWM-11A	PAJNFP-01A_vs_PAJNFP-11A	PAKHTL-01A_vs_PAKHTL-11A	PAKLYZ-01A_vs_PAKLYZ-10A	PAKTCT-01A_vs_PAKTCT-11A	PARECB-01A_vs_PARECB-11A	PAREWI-01A_vs_PAREWI-11A	PARGRN-01A_vs_PARGRN-10A	PARIRN-01A_vs_PARIRN-10A	PARPFY-01A_vs_PARPFY-11A	PARZRH-01A_vs_PARZRH-10A	PASABD-01A_vs_PASABD-10A	PASADZ-01A_vs_PASADZ-10A	PASCDH-01A_vs_PASCDH-10A	PASDLA-01A_vs_PASDLA-11A	PASVDP-01A_vs_PASVDP-10A	PASWZZ-01A_vs_PASWZZ-10A	PASXNA-01A_vs_PASXNA-11A	PATAFT-01A_vs_PATAFT-10A	PATDVL-01A_vs_PATDVL-10A	PATENH-01A_vs_PATENH-11A	PATFXW-01A_vs_PATFXW-10A	PATFZZ-01A_vs_PATFZZ-10A	PATXEE-01A_vs_PATXEE-10A	PAUEKW-01A_vs_PAUEKW-10A	PAUFVP-01A_vs_PAUFVP-11A	PAUGYZ-01A_vs_PAUGYZ-10A	PAUHAZ-01A_vs_PAUHAZ-10A	PAVCKS-01A_vs_PAVCKS-11A	PAVYKD-01A_vs_PAVYKD-10A	PAWFBL-01A_vs_PAWFBL-11A	PAWFWK-01A_vs_PAWFWK-10A	SJBT030128_D1_vs_SJBT030128_G1	SJBT030255_D1_vs_SJBT030255_G1	SJBT030581_D1_vs_SJBT030581_G1	SJBT030997_D1_vs_SJBT030997_G1	SJBT031235_D1_vs_SJBT031235_G1	SJBT031605_D1_vs_SJBT031605_G1	SJBT031948_D2_vs_SJBT031948_G1	SJBT032346_D1_vs_SJBT032346_G1	SJBT032393_D1_vs_SJBT032393_G1	SJBT032417_D2_vs_SJBT032417_G1	SJBT033236_D2_vs_SJBT033236_G1	SJBT034089_D1_vs_SJBT034089_G1	SJBT034110_D2_vs_SJBT034110_G1	SJMRT014754_D1_vs_SJMRT014754_G1	SJMRT015723_D1_vs_SJMRT015723_G1	SJMRT063832_X1_vs_SJMRT063832_G1
A[C>A]A	7	2	7	6	3	10	1	11	7	2	11	7	2	9	13	5	1	1	2	2	12	2	12	3	1	15	11	16	34	24	4	0	9	4	1	8	1	11	1	0	3	4	1	0	2	4	0	6	1	0	2	0	2	0	1	2	4	2	1	1	2	4	1	2	2	3	1	3	1	0	2	53	16	0	21	2	0	1	2	2	8	0
A[C>A]C	5	2	6	1	1	3	3	6	14	4	8	3	14	3	36	4	2	3	0	1	5	2	6	4	8	6	3	20	30	13	9	0	2	2	0	4	1	1	1	0	2	2	1	4	1	0	0	1	0	1	3	0	1	0	0	0	0	4	1	0	3	3	0	0	0	1	0	0	0	0	1	52	21	1	24	7	0	0	1	1	6	0
A[C>A]G	0	2	1	0	0	0	3	4	2	3	0	0	1	0	1	0	0	0	0	0	1	0	1	0	1	2	1	1	0	1	1	0	1	1	1	0	1	0	0	0	1	0	0	0	0	0	0	1	0	0	0	0	0	0	0	1	0	0	0	1	0	1	0	0	0	0	0	2	0	0	0	3	1	0	1	1	0	0	0	1	1	0
A[C>A]T	0	4	5	2	0	5	0	11	2	2	9	4	14	2	24	6	4	0	2	0	9	0	12	3	3	9	2	12	17	12	4	1	2	1	1	3	1	3	0	0	0	5	0	2	1	2	0	3	1	2	2	1	1	0	1	3	2	6	0	1	2	5	1	0	0	3	0	5	0	1	0	46	15	1	11	5	0	1	2	7	5	0
A[C>G]A	6	3	8	11	6	6	6	9	11	10	7	11	9	14	15	3	1	0	0	1	5	0	4	1	6	1	3	9	18	8	3	0	1	1	0	1	0	3	2	0	1	0	1	4	0	0	1	3	0	0	1	0	0	1	1	0	1	3	0	0	1	1	1	0	0	1	2	1	0	0	0	36	13	1	10	0	0	0	1	3	3	0
A[C>G]C	1	0	1	1	0	1	2	0	3	2	2	3	7	4	1	1	0	1	0	1	2	0	3	3	0	0	3	4	1	6	1	1	1	0	0	0	0	2	0	0	1	2	0	1	0	0	0	0	0	0	2	0	0	0	0	0	1	3	0	1	2	0	0	0	0	1	1	1	0	0	1	16	5	0	8	0	1	0	1	0	0	0
A[C>G]G	3	0	1	1	0	0	0	4	2	0	0	0	0	3	2	2	0	0	0	0	1	0	0	0	2	0	0	1	1	1	2	0	1	1	0	0	0	6	0	0	1	0	0	0	0	0	0	0	0	0	1	0	2	0	1	0	2	0	0	1	1	0	0	0	0	0	0	2	0	1	2	2	2	0	2	1	0	0	0	1	2	0
A[C>G]T	3	1	3	4	2	5	2	3	6	0	1	1	16	1	1	6	0	2	0	2	4	0	3	4	2	3	6	9	7	8	1	0	1	0	0	0	0	5	0	0	0	2	0	2	0	1	0	5	0	0	1	0	1	0	1	1	0	4	0	1	1	1	0	0	1	1	2	0	0	2	1	30	8	0	8	1	0	0	1	0	5	0
A[C>T]A	14	11	20	39	11	18	21	30	23	17	16	17	30	27	22	4	5	1	3	1	9	0	10	11	18	4	6	18	34	29	10	2	3	2	1	2	0	5	2	1	3	4	3	6	2	3	2	5	0	1	3	0	4	1	3	3	1	8	1	0	4	3	1	2	3	2	0	3	1	3	0	83	14	0	28	2	2	0	3	6	9	0
A[C>T]C	4	2	4	3	3	6	7	5	10	3	2	2	17	2	10	2	2	3	1	0	10	0	5	2	13	4	3	23	28	12	9	0	2	1	1	2	1	0	0	0	2	3	1	2	0	1	0	6	0	1	1	0	2	0	1	0	0	2	0	0	1	0	0	0	0	0	0	1	0	0	1	51	12	0	11	3	0	0	3	2	3	0
A[C>T]G	4	4	7	9	1	11	5	12	9	11	12	18	1	8	17	4	4	6	1	1	11	0	2	1	64	3	2	14	23	38	14	0	7	3	3	3	0	9	0	2	3	1	1	0	0	4	0	27	1	0	5	0	2	1	2	6	6	15	4	0	2	6	1	1	1	4	3	1	0	5	16	33	6	1	167	7	6	5	7	1	12	1
A[C>T]T	1	0	7	7	3	5	1	12	8	4	5	3	22	4	7	6	2	2	3	1	8	0	7	6	21	8	3	16	28	19	11	1	6	3	3	2	1	3	0	0	4	1	1	0	1	1	0	5	0	1	0	1	5	0	2	5	2	9	1	1	3	1	2	0	0	3	2	1	0	2	3	45	8	1	19	3	1	1	2	10	2	0
A[T>A]A	1	2	7	7	0	6	4	4	9	5	4	3	2	5	6	2	1	0	1	0	8	0	2	5	4	0	1	12	16	6	6	0	0	1	0	1	0	0	1	1	1	0	0	0	1	0	0	5	0	2	0	0	2	0	1	2	0	4	1	1	2	1	0	0	0	2	1	1	0	0	1	17	20	0	10	1	0	1	0	4	5	0
A[T>A]C	1	1	2	2	1	0	1	5	5	2	2	2	15	0	12	2	0	1	0	1	3	0	3	2	2	0	1	6	14	1	5	0	2	0	0	0	0	0	0	0	1	1	2	2	0	0	0	1	0	0	1	0	2	0	0	0	1	2	0	0	1	2	0	1	0	0	0	0	0	1	0	11	10	0	6	5	0	1	0	0	1	0
A[T>A]G	1	2	1	2	2	2	1	4	5	1	1	1	15	6	3	1	1	1	0	0	2	0	2	3	7	2	2	3	18	4	7	1	0	2	0	0	1	1	0	0	0	2	0	0	0	0	0	0	0	1	0	0	0	0	0	0	1	5	0	1	0	1	0	0	0	0	0	2	0	1	0	14	13	0	6	4	0	0	2	2	1	0
A[T>A]T	3	6	10	5	4	9	2	7	9	8	14	2	17	10	17	5	3	1	1	1	7	1	5	2	8	3	1	11	16	19	3	0	1	1	0	2	1	7	0	0	0	5	0	4	0	0	0	4	1	1	1	0	2	0	2	1	4	5	1	0	1	1	0	0	1	1	0	0	0	0	3	32	12	2	30	4	0	0	1	5	8	0
A[T>C]A	5	6	8	9	10	9	8	20	14	8	15	8	25	13	17	4	2	7	6	5	3	1	6	14	13	7	1	18	24	17	15	0	4	1	1	3	1	3	4	0	5	1	1	2	0	4	0	7	1	0	1	0	2	0	2	1	1	8	0	2	2	1	1	0	1	2	1	0	1	4	2	34	15	0	20	2	0	1	1	6	3	0
A[T>C]C	2	1	1	5	1	3	2	7	7	2	2	0	2	2	4	1	0	6	1	0	2	0	3	3	6	1	0	4	10	5	5	0	2	1	1	1	2	0	0	0	1	1	0	0	0	1	0	4	1	0	0	0	2	0	0	3	1	0	0	0	1	1	1	0	0	0	0	0	0	2	0	29	7	0	9	3	0	0	0	2	2	1
A[T>C]G	4	1	0	1	3	5	3	4	14	0	4	0	0	9	5	5	1	1	2	0	6	0	4	7	10	3	0	6	8	8	6	0	1	2	0	0	1	0	0	0	1	2	1	0	0	2	0	1	1	0	0	1	2	0	0	2	0	4	1	1	1	0	1	0	0	2	1	1	1	0	2	14	3	0	13	0	1	0	3	0	0	0
A[T>C]T	4	1	5	1	3	4	4	5	6	5	7	4	18	6	7	8	0	2	2	2	7	0	11	5	8	7	2	12	25	22	7	1	2	0	1	4	2	2	1	0	3	5	3	1	1	2	0	5	1	1	1	0	1	0	0	2	2	6	0	0	1	0	0	0	0	0	1	2	0	0	2	40	24	2	17	3	0	0	0	0	6	0
A[T>G]A	1	1	2	2	2	3	3	3	6	1	2	1	8	3	10	1	0	0	1	0	0	0	2	5	6	0	0	6	10	4	2	0	0	0	0	0	1	1	1	1	1	1	0	0	0	0	0	0	0	0	0	1	0	0	1	0	1	1	0	0	0	0	0	1	0	0	0	2	0	0	1	11	8	0	6	2	0	1	1	0	0	0
A[T>G]C	1	0	0	1	1	2	1	2	3	0	0	2	4	0	2	1	0	0	0	0	1	0	1	2	3	2	0	1	0	0	2	0	0	0	1	2	0	1	0	0	1	2	1	0	0	0	0	3	0	0	0	0	1	0	0	0	0	2	0	0	0	1	0	0	0	0	0	0	0	0	0	4	2	0	1	1	0	0	0	0	0	0
A[T>G]G	2	3	3	0	3	2	0	2	1	1	2	1	9	1	5	2	0	0	0	0	1	0	2	2	0	1	1	2	15	8	2	0	1	0	0	1	0	0	0	0	3	0	0	0	0	2	0	1	0	0	0	0	0	0	0	1	0	3	0	0	0	1	0	0	0	0	0	0	1	0	1	14	6	0	3	1	0	0	0	1	2	0
A[T>G]T	1	2	1	1	1	2	1	0	2	0	0	0	5	1	2	2	0	0	1	1	6	0	4	6	4	1	1	3	6	14	1	0	2	1	0	5	1	1	0	0	2	8	0	0	0	0	1	7	0	0	1	0	1	0	2	2	2	4	0	0	1	0	0	0	1	0	0	1	0	1	0	13	4	0	3	3	0	0	0	0	2	0
C[C>A]A	8	4	5	8	5	9	2	10	13	2	10	4	4	4	19	5	5	2	5	0	10	0	9	8	4	11	7	22	33	19	10	1	5	2	2	3	1	6	0	1	4	4	0	6	3	1	0	3	0	2	1	0	4	0	2	2	1	9	0	2	1	1	2	1	1	2	2	0	1	1	3	39	30	1	19	5	0	1	1	5	9	1
C[C>A]C	4	4	6	4	3	5	5	13	11	4	1	6	12	7	20	1	0	0	0	0	4	0	7	2	6	4	1	10	24	10	9	1	0	2	0	2	0	0	0	0	1	4	0	0	0	2	0	0	0	0	0	0	0	2	0	2	1	7	0	1	3	4	0	0	0	0	0	1	0	0	1	29	33	0	10	5	0	0	0	5	6	0
C[C>A]G	1	0	1	1	1	1	2	1	2	1	1	0	0	1	3	0	0	0	0	0	2	0	3	3	0	1	2	1	2	2	0	0	0	1	0	0	0	1	1	0	0	1	0	0	0	0	0	1	0	1	0	0	0	0	0	0	0	0	1	0	0	0	0	0	0	0	1	0	0	1	1	6	4	0	0	2	0	0	1	0	1	0
C[C>A]T	1	0	4	3	1	4	6	11	21	5	2	0	13	6	45	3	3	2	0	0	15	0	9	1	5	6	6	12	30	15	7	1	2	1	2	5	0	1	3	1	3	2	1	3	2	2	1	8	0	1	0	0	2	0	0	3	0	8	0	0	2	5	1	0	2	0	1	1	0	5	1	28	67	0	18	5	0	0	0	3	7	0
C[C>G]A	0	0	1	0	0	1	0	4	4	1	2	1	5	0	3	3	0	1	0	0	2	0	1	2	1	2	1	3	14	8	1	0	0	0	0	3	0	1	0	1	0	1	0	1	0	4	0	1	0	0	0	0	1	0	0	0	1	1	0	0	1	0	0	0	0	0	1	0	1	0	0	16	4	0	7	0	0	0	0	1	0	0
C[C>G]C	1	1	3	2	2	1	1	0	1	1	3	2	8	1	2	1	0	0	1	0	1	0	0	1	1	0	3	3	14	5	2	0	0	0	0	3	0	2	0	0	1	1	0	0	0	0	0	1	0	0	0	0	1	0	0	1	0	0	0	0	0	0	0	0	0	0	0	0	0	0	0	14	4	0	5	2	0	0	0	1	0	0
C[C>G]G	0	0	0	1	1	1	0	2	1	0	1	0	1	0	1	0	0	0	0	0	0	0	1	1	0	0	1	0	2	5	0	0	1	0	0	0	0	1	0	0	0	0	0	0	0	0	0	1	0	0	1	0	0	0	0	1	0	0	0	0	1	0	0	0	0	0	0	0	0	0	0	4	1	0	4	0	0	0	0	0	0	0
C[C>G]T	2	1	0	0	1	2	1	3	5	1	0	1	1	0	9	2	0	1	0	0	4	0	2	4	6	0	3	3	10	3	2	0	3	0	0	1	1	1	0	0	1	2	0	0	0	1	0	4	0	0	1	0	1	0	0	0	0	2	0	1	0	1	0	0	1	0	1	0	0	3	0	14	3	0	5	1	1	0	0	0	2	0
C[C>T]A	5	4	7	3	4	7	5	10	18	5	6	3	25	4	65	6	1	5	3	2	7	0	17	4	12	7	8	16	17	17	5	0	5	2	1	1	1	0	0	0	6	3	1	1	1	2	1	8	0	3	0	1	1	0	1	1	1	6	0	0	1	2	1	0	0	2	1	4	0	3	3	61	21	1	25	3	1	0	2	2	8	0
C[C>T]C	8	4	8	3	4	8	6	9	51	2	2	0	23	9	256	2	2	0	2	1	10	0	4	2	16	3	1	36	55	16	20	0	1	2	0	2	0	4	0	0	0	3	1	2	0	0	0	4	1	1	2	0	1	0	2	0	2	9	2	0	1	2	0	0	1	4	1	4	1	1	0	55	82	0	9	17	1	0	3	7	13	0
C[C>T]G	5	3	10	3	4	18	5	12	18	6	10	10	5	9	21	2	0	2	1	2	16	0	3	5	35	2	3	16	12	36	11	0	2	3	6	5	4	2	0	1	1	2	4	2	0	7	0	12	2	0	3	0	2	0	3	5	0	17	4	1	1	2	1	1	1	4	3	1	0	7	5	32	3	1	75	8	2	3	6	1	7	0
C[C>T]T	3	4	8	6	6	7	4	9	45	6	10	5	40	10	226	4	2	1	2	0	8	1	5	6	17	2	5	31	75	23	15	0	3	3	5	4	0	2	1	1	4	3	1	2	0	1	1	6	1	0	1	0	1	0	0	0	4	4	0	1	2	1	2	0	1	1	1	4	0	0	2	53	79	0	23	8	0	1	1	6	14	0
C[T>A]A	1	2	3	1	2	2	1	3	11	0	0	0	3	0	59	4	0	0	2	1	3	0	0	2	4	2	2	8	32	3	14	0	2	0	1	2	0	2	0	0	0	0	0	2	0	1	0	1	0	0	0	0	1	0	0	1	2	0	0	0	0	1	1	0	0	0	0	0	0	0	0	14	27	0	7	5	0	0	1	0	7	1
C[T>A]C	3	4	5	8	6	5	2	7	11	4	4	3	8	2	51	1	0	1	1	0	3	0	3	1	2	2	3	8	18	6	6	0	1	0	0	1	0	1	0	1	1	6	0	3	0	0	0	3	1	0	0	0	6	1	0	1	0	1	0	0	1	0	0	0	1	0	1	1	0	0	0	19	29	0	9	3	0	0	1	2	4	0
C[T>A]G	5	1	1	2	1	3	1	12	16	1	2	1	7	1	53	4	0	1	0	0	3	1	1	2	1	0	1	13	42	9	4	0	2	0	1	1	0	1	0	0	1	1	1	0	0	0	0	0	0	1	0	0	0	0	0	0	2	3	0	1	0	0	0	0	0	0	1	3	0	0	0	15	42	0	8	5	0	0	0	4	6	1
C[T>A]T	9	1	2	2	0	2	1	5	26	2	0	4	5	3	84	2	1	3	1	1	6	0	1	0	2	1	1	20	46	28	16	0	4	2	0	5	1	0	0	0	1	4	1	2	0	2	0	4	0	0	1	1	2	0	0	0	2	2	0	1	0	0	0	0	1	2	0	1	0	1	0	29	52	0	12	7	0	0	0	4	8	0
C[T>C]A	5	1	3	4	2	3	3	5	7	0	1	2	16	4	9	4	1	4	0	0	4	0	4	4	2	3	0	9	16	8	4	1	1	0	1	1	0	0	0	0	1	2	0	2	0	0	1	1	0	0	0	0	0	0	2	0	1	3	0	0	1	0	0	0	0	0	0	1	1	1	2	41	9	0	10	0	0	2	2	0	3	0
C[T>C]C	3	4	2	0	0	6	2	6	6	1	2	6	5	1	19	2	1	5	0	0	3	1	6	3	5	3	2	11	17	21	9	1	2	3	1	6	0	0	2	0	2	3	1	1	1	0	0	4	0	1	0	0	1	0	1	1	2	3	0	1	0	1	0	1	0	2	0	1	0	1	0	45	13	0	10	5	0	0	3	1	3	0
C[T>C]G	2	1	2	0	0	3	1	4	11	1	3	0	2	4	10	3	0	0	1	0	5	0	2	5	4	3	2	9	13	12	2	0	2	0	0	1	0	0	1	0	0	2	0	0	0	1	0	1	0	0	0	0	1	0	0	1	1	1	0	0	0	0	0	1	0	0	0	2	0	0	0	22	5	0	6	2	1	0	1	0	4	0
C[T>C]T	6	6	7	3	5	3	4	11	19	8	2	2	15	3	19	2	0	1	1	0	14	0	4	8	3	3	5	10	30	89	11	1	5	2	2	15	0	2	1	0	5	10	2	1	1	0	1	6	1	1	1	0	1	0	2	3	0	4	1	0	1	1	0	1	0	0	1	2	0	0	2	36	31	0	11	4	0	1	3	1	7	0
C[T>G]A	0	1	0	0	0	1	0	1	1	0	0	0	0	0	3	1	0	0	0	0	0	0	1	2	1	1	0	5	8	2	3	0	2	0	0	3	0	0	0	0	3	0	0	1	0	0	0	1	0	0	0	1	0	0	0	0	1	1	0	0	0	0	0	0	0	0	0	0	0	0	0	3	5	0	4	0	0	0	0	1	1	0
C[T>G]C	1	1	2	0	0	0	2	3	0	0	0	2	0	0	3	1	0	0	0	0	2	0	2	0	1	0	1	2	6	10	0	0	1	1	0	2	0	0	0	0	2	0	0	1	0	0	0	0	0	0	0	0	1	1	0	0	0	1	0	1	0	0	1	0	0	0	0	0	0	1	0	3	2	0	2	0	0	0	0	0	1	0
C[T>G]G	1	2	1	0	0	1	1	3	2	0	0	1	3	0	1	2	0	1	0	0	2	0	1	1	2	2	1	7	20	8	6	0	1	0	0	3	0	1	0	0	0	0	0	0	0	1	0	1	0	0	0	0	2	0	0	0	1	4	0	0	0	0	0	0	0	0	0	0	0	0	1	11	3	0	5	0	0	0	1	1	2	0
C[T>G]T	0	2	4	1	2	0	1	4	5	1	3	1	0	0	1	1	1	1	0	0	19	1	2	2	3	0	0	8	15	110	4	0	7	4	1	19	3	0	1	0	8	22	2	4	0	2	0	9	1	0	5	0	1	1	4	3	4	2	0	0	1	1	0	1	0	0	0	3	0	4	0	27	13	0	6	2	0	0	0	0	6	0
G[C>A]A	5	2	6	9	8	6	3	6	20	3	6	5	3	6	30	5	4	4	2	3	22	1	21	9	6	9	8	27	37	16	23	4	1	3	2	4	0	3	1	1	6	1	0	3	0	2	0	5	1	0	2	0	2	0	1	2	2	6	0	0	4	3	0	1	1	5	3	3	0	6	2	45	16	2	16	5	0	1	3	5	13	1
G[C>A]C	2	0	3	1	2	1	1	7	30	0	3	3	14	4	61	1	3	0	3	0	6	1	7	2	1	5	3	21	55	6	28	1	2	2	1	0	0	0	1	1	0	0	0	2	1	2	1	2	0	0	0	0	1	0	0	1	0	2	0	0	2	1	0	0	0	4	1	2	0	0	1	21	53	0	9	10	0	0	2	6	18	0
G[C>A]G	5	2	1	1	0	2	1	5	4	2	0	0	0	2	0	0	0	0	0	0	2	0	1	1	1	0	1	2	1	1	0	0	1	0	0	0	0	0	0	0	0	0	0	0	0	0	0	1	0	1	0	0	0	0	0	0	0	0	0	1	0	0	0	0	0	0	0	1	0	0	0	4	1	1	0	0	0	0	1	0	1	0
G[C>A]T	3	0	3	6	4	7	3	3	10	4	5	1	10	3	15	1	1	1	1	0	12	1	23	8	7	12	6	20	18	5	9	2	4	2	0	1	1	1	0	0	1	1	2	4	0	1	1	1	1	0	0	0	2	0	0	1	1	8	0	0	3	2	1	2	1	3	2	4	1	1	2	25	13	0	14	2	0	0	2	3	3	0
G[C>G]A	1	0	4	2	0	3	0	4	7	2	0	1	5	2	4	2	1	1	0	0	1	0	3	0	0	1	2	8	13	5	4	0	2	0	0	1	0	1	0	0	0	1	0	0	0	1	0	5	0	0	1	0	1	0	1	0	0	1	0	0	1	0	0	0	0	0	0	1	0	1	0	13	8	0	3	0	0	0	0	1	1	0
G[C>G]C	2	0	3	0	0	0	3	2	6	2	1	1	14	1	32	1	1	1	1	0	4	0	2	0	3	1	3	10	33	6	11	0	0	1	0	1	0	2	0	0	1	1	0	0	0	0	0	0	0	1	0	0	1	0	0	1	0	0	0	1	0	0	0	0	0	0	1	1	1	0	0	5	11	0	6	2	0	0	0	1	2	0
G[C>G]G	0	0	0	1	1	0	0	2	1	0	0	0	2	1	0	0	0	0	0	0	3	0	0	0	0	0	2	1	4	1	0	0	0	0	0	0	0	0	0	0	0	0	0	0	0	0	0	0	0	0	0	0	0	0	0	0	0	0	0	1	0	0	0	0	0	0	0	0	0	0	1	2	0	0	1	0	0	0	0	0	0	0
G[C>G]T	1	0	2	0	1	0	0	4	4	0	0	2	12	1	7	0	0	0	1	1	3	0	1	3	1	0	2	12	14	6	10	0	1	0	0	1	0	0	0	0	1	2	1	1	0	0	0	0	0	0	0	0	3	0	1	1	0	0	0	0	0	0	0	0	0	0	0	0	0	0	0	10	9	0	3	1	0	0	0	1	1	0
G[C>T]A	1	0	6	3	1	6	4	10	21	0	4	2	11	4	18	3	0	2	0	1	11	1	4	5	8	5	4	29	43	18	14	0	2	0	0	4	2	4	0	1	2	2	0	3	0	5	0	3	0	2	0	0	1	0	0	3	2	3	2	1	1	0	2	1	1	1	1	0	0	1	0	26	22	0	14	4	0	2	0	2	8	0
G[C>T]C	9	2	2	2	3	8	4	4	14	2	5	2	22	8	13	2	1	5	0	1	7	0	4	5	11	2	7	30	39	12	16	0	3	1	0	1	0	3	0	0	0	4	1	0	0	1	1	2	0	1	1	0	1	0	2	0	3	4	1	1	1	0	0	1	1	2	0	1	0	1	0	24	20	0	14	4	0	0	3	3	3	0
G[C>T]G	8	8	11	10	4	10	13	13	10	13	10	12	5	13	13	8	4	2	2	3	14	1	3	0	35	0	1	14	21	33	11	0	3	4	1	1	1	2	2	0	4	0	2	1	2	4	0	5	1	0	0	0	1	0	3	0	4	15	2	4	1	3	2	1	1	1	1	3	0	2	9	18	9	2	107	5	3	6	9	3	10	0
G[C>T]T	3	3	7	3	3	8	7	5	16	3	1	4	28	5	13	6	3	3	0	0	2	1	5	0	13	0	1	28	46	18	18	0	6	0	5	2	0	3	0	0	5	2	0	1	0	4	0	2	0	0	0	0	2	0	1	1	1	2	0	1	2	2	0	0	1	4	1	1	0	1	1	36	25	1	17	2	1	0	2	6	8	1
G[T>A]A	2	2	1	0	0	0	0	3	2	2	1	1	1	0	3	1	0	0	0	0	2	0	2	0	4	2	0	11	21	4	8	0	1	0	0	0	1	0	0	1	2	0	1	0	1	0	0	1	0	0	1	1	1	0	0	0	1	2	0	0	1	2	0	0	1	0	0	0	0	2	0	8	10	0	2	1	1	0	1	2	2	0
G[T>A]C	0	0	2	1	1	1	0	2	5	1	2	0	9	0	7	1	0	0	1	0	3	0	0	0	6	2	0	5	10	6	4	0	0	0	0	0	0	1	0	0	1	3	0	0	0	0	0	0	0	0	0	0	0	0	0	0	1	2	0	0	1	0	0	0	0	0	0	2	0	0	0	17	9	0	1	0	0	0	0	0	0	0
G[T>A]G	1	7	8	3	5	5	4	8	5	5	7	7	8	4	11	1	0	0	0	1	2	0	2	1	0	1	1	12	17	2	4	0	1	1	0	0	0	0	0	0	0	1	0	0	0	0	0	0	0	1	0	0	2	2	0	0	0	1	0	1	0	0	0	0	0	1	0	0	0	0	0	9	6	0	4	2	0	0	0	1	2	1
G[T>A]T	3	1	1	3	3	2	2	10	5	2	4	3	6	6	10	2	0	0	5	2	1	0	2	0	1	0	1	11	12	12	6	0	4	2	0	6	0	0	1	0	2	2	2	0	0	1	1	1	0	1	0	0	1	0	0	2	0	0	0	0	1	1	0	0	0	1	0	1	0	2	0	21	9	0	3	2	0	0	1	5	1	0
G[T>C]A	2	3	1	0	3	4	1	5	12	2	3	1	19	4	2	0	0	3	1	0	3	0	1	5	8	1	4	19	21	8	7	0	2	2	0	0	1	2	1	0	1	1	1	1	0	2	1	4	0	0	1	0	2	0	1	1	0	2	0	3	1	1	0	2	0	0	0	2	0	2	2	25	13	0	14	0	0	0	1	1	2	0
G[T>C]C	3	0	1	2	1	1	1	6	13	1	0	1	7	3	8	1	0	2	0	0	2	0	0	1	2	5	0	15	16	11	6	0	2	0	0	3	0	0	1	0	1	4	0	2	0	0	0	0	2	0	0	0	1	0	1	0	1	4	0	0	0	0	0	2	0	2	0	3	0	1	2	14	16	0	8	1	1	0	1	3	1	2
G[T>C]G	3	6	8	7	6	4	4	11	7	6	10	4	3	7	4	2	0	2	1	0	5	0	2	3	3	0	2	4	14	12	1	0	2	0	0	3	0	1	0	1	0	1	0	0	0	1	0	1	0	0	0	0	2	0	0	0	2	0	0	0	0	1	0	0	0	0	0	1	0	0	0	23	8	0	9	0	0	1	1	0	3	0
G[T>C]T	4	2	1	3	0	1	2	3	11	2	6	1	21	3	7	4	1	7	1	0	5	0	0	3	10	5	2	20	23	13	8	1	5	1	0	1	2	1	0	0	2	4	1	1	0	2	1	1	0	0	1	0	0	1	0	2	2	1	1	0	1	1	0	1	1	3	1	2	0	2	0	18	20	0	8	3	1	1	1	1	1	0
G[T>G]A	2	0	0	1	0	1	0	0	0	2	1	1	5	0	5	5	0	0	0	0	1	0	1	0	3	0	0	4	5	2	1	0	0	1	0	1	1	1	0	0	0	0	0	0	0	0	0	2	0	1	0	0	0	1	0	1	1	0	0	0	0	0	0	0	0	0	0	0	0	0	0	6	0	0	1	1	0	0	0	1	0	0
G[T>G]C	1	0	0	0	1	0	1	1	1	0	0	0	1	1	11	1	0	0	0	0	0	0	0	2	0	0	1	3	7	2	0	0	2	0	0	0	0	0	0	0	1	1	0	0	0	1	0	2	0	0	0	0	0	0	0	0	0	0	0	0	0	0	1	1	0	0	0	1	0	0	0	2	3	0	1	1	0	0	0	0	0	0
G[T>G]G	1	2	1	5	1	1	1	5	4	3	1	1	11	1	4	1	0	1	0	0	3	0	2	0	2	0	1	3	15	4	2	0	1	0	1	1	1	1	0	0	1	1	0	1	0	1	1	2	0	0	1	0	2	1	0	0	1	3	0	1	2	0	0	0	0	0	0	0	0	0	0	17	3	0	3	1	0	0	1	3	1	0
G[T>G]T	3	2	1	2	1	3	0	4	0	1	3	1	2	0	3	1	1	0	0	0	4	0	2	1	4	1	1	3	10	32	4	0	1	1	0	11	4	0	0	0	3	7	0	2	0	1	0	4	0	0	2	0	1	0	1	1	2	1	0	1	1	1	0	0	0	0	0	0	0	0	1	15	2	1	5	2	0	0	1	0	1	0
T[C>A]A	5	4	7	11	6	12	0	6	9	0	7	3	5	4	10	4	2	1	3	1	13	0	21	18	4	8	8	14	24	17	14	1	2	0	2	5	0	8	0	0	0	3	3	0	1	3	2	6	1	1	0	0	5	1	0	1	3	9	0	1	1	2	1	0	1	3	2	1	0	3	3	34	19	1	25	4	1	0	0	5	8	0
T[C>A]C	2	0	12	3	4	9	0	7	8	1	8	1	14	0	20	3	4	2	2	2	7	0	12	10	11	7	2	14	24	13	9	1	1	2	2	2	0	1	0	0	4	2	0	1	0	0	1	4	0	1	0	1	0	0	1	0	0	3	0	1	1	1	0	0	1	5	0	0	1	0	0	33	20	1	20	4	0	0	2	3	3	0
T[C>A]G	1	1	1	0	0	0	1	1	4	0	2	1	1	0	0	0	0	0	0	0	0	0	1	2	1	2	0	0	2	1	0	0	0	0	0	0	0	2	0	0	0	0	0	0	0	0	0	2	0	0	0	0	0	0	0	1	1	0	0	0	0	0	1	0	0	0	0	3	0	0	1	3	0	0	5	0	0	0	1	0	1	0
T[C>A]T	5	3	15	12	7	15	0	11	17	1	19	2	18	7	37	9	5	2	2	3	23	1	31	28	6	12	13	19	27	37	11	3	6	7	2	4	1	10	1	2	4	12	1	10	0	2	2	10	0	4	0	1	0	1	2	4	4	12	1	3	7	3	1	3	0	7	1	1	0	6	2	41	16	0	37	9	0	0	2	3	6	0
T[C>G]A	4	3	5	1	0	5	2	8	8	0	12	0	25	3	6	4	0	1	2	0	12	1	7	3	7	1	4	7	16	7	3	0	1	0	0	1	0	1	0	0	3	3	0	2	1	3	0	7	0	1	0	0	3	0	0	0	0	7	1	1	1	1	0	0	0	0	0	0	0	0	2	17	13	0	22	0	0	0	0	1	5	0
T[C>G]C	2	1	2	1	2	2	2	4	1	0	5	1	29	2	9	4	2	0	0	0	4	1	3	6	7	3	3	7	8	8	9	0	1	0	0	2	1	1	0	0	2	1	1	1	0	0	0	6	0	0	0	0	3	0	0	0	1	8	0	0	0	1	1	0	0	0	0	0	0	3	1	20	8	0	12	0	0	0	1	1	7	0
T[C>G]G	0	0	0	1	1	0	0	3	2	0	0	0	8	0	0	0	1	0	0	0	2	0	0	0	1	2	0	0	1	1	2	0	0	0	0	0	0	0	0	0	1	0	1	0	0	0	0	1	0	2	0	0	2	0	0	0	0	1	0	0	0	1	0	0	0	0	0	0	0	0	1	5	0	0	0	0	0	0	0	1	0	0
T[C>G]T	4	2	8	2	3	12	3	9	7	2	12	4	13	5	27	7	0	0	2	1	23	2	11	12	8	5	4	12	19	17	7	1	3	1	0	1	0	4	1	0	5	9	0	2	1	3	0	4	0	0	0	0	3	1	0	2	0	14	0	2	1	3	1	0	0	0	2	2	0	3	1	31	29	0	40	1	0	0	2	2	12	0
T[C>T]A	9	2	19	4	5	19	5	15	11	3	17	1	6	7	20	10	3	1	2	5	21	1	15	11	16	8	11	12	24	19	9	1	3	2	5	2	3	8	2	0	8	6	3	1	2	4	0	6	2	2	1	0	5	0	0	0	0	15	2	1	0	2	3	3	2	1	1	2	0	4	0	59	13	1	17	0	2	0	1	2	11	0
T[C>T]C	9	7	10	6	7	11	1	11	12	6	17	6	18	10	32	7	2	2	1	3	17	0	9	7	21	7	7	30	42	11	13	1	2	2	3	4	6	2	1	1	8	6	1	0	0	5	0	11	5	0	2	1	2	0	0	3	3	6	1	2	1	1	3	1	1	1	3	0	0	2	3	40	21	1	19	1	1	0	2	9	15	1
T[C>T]G	2	3	7	9	5	11	4	10	12	5	4	5	2	10	6	3	1	1	1	1	13	0	3	0	34	3	0	7	15	15	5	1	1	2	2	3	2	3	0	0	0	0	3	0	0	3	0	4	0	7	0	0	0	2	0	2	2	5	2	1	0	1	0	0	0	4	3	2	1	2	9	14	7	1	77	2	5	1	5	1	3	0
T[C>T]T	9	3	20	11	8	17	5	14	20	3	19	5	25	6	42	8	2	1	5	4	22	1	10	16	29	8	5	34	62	31	20	1	8	3	3	2	5	4	2	0	6	8	0	3	2	4	1	13	2	0	1	0	1	0	3	2	5	7	1	3	4	1	3	2	1	0	1	0	0	1	1	53	37	0	26	5	1	1	3	6	16	1
T[T>A]A	18	19	20	26	22	17	20	30	35	24	26	19	21	27	23	4	0	2	0	1	14	1	4	4	7	7	4	16	28	18	16	0	3	4	1	2	0	2	0	1	4	1	0	2	0	3	0	6	0	1	2	0	1	0	1	1	2	8	1	0	1	2	2	1	0	1	2	3	0	1	3	22	21	2	15	4	2	0	1	17	5	0
T[T>A]C	3	1	0	0	2	1	3	5	6	2	1	2	4	3	2	6	0	0	0	0	0	0	1	0	3	0	3	10	18	6	2	0	1	2	0	1	1	0	1	0	1	1	0	0	0	0	0	5	0	0	0	0	3	0	0	2	4	0	0	0	0	1	1	0	0	2	0	1	0	0	1	14	5	0	9	0	0	0	0	0	0	0
T[T>A]G	2	1	1	2	1	1	3	0	5	1	1	3	7	2	2	2	1	1	1	0	3	0	0	2	2	0	3	3	18	3	2	0	3	0	0	1	0	1	0	0	3	1	0	1	0	0	0	0	0	1	0	1	0	0	0	0	2	3	0	0	0	0	1	0	0	0	0	1	0	0	0	13	8	0	4	0	1	1	0	1	2	0
T[T>A]T	16	20	18	17	22	15	14	26	25	18	24	16	17	16	23	1	0	0	5	5	9	0	5	1	10	3	1	14	31	31	9	1	6	3	0	8	2	1	0	0	2	4	1	3	2	3	0	6	0	2	0	0	3	0	0	1	3	1	0	0	0	0	1	0	2	0	1	3	0	1	4	35	19	0	11	5	0	1	2	3	6	0
T[T>C]A	3	2	4	4	3	7	2	5	13	3	4	5	20	2	3	4	1	5	5	1	9	0	8	12	6	3	5	15	17	15	6	1	5	1	0	2	0	0	0	0	3	2	0	4	0	2	0	1	2	0	1	0	1	0	1	1	3	7	1	0	2	0	2	0	0	2	0	0	1	1	1	16	22	0	11	1	1	0	0	2	3	0
T[T>C]C	5	3	6	2	0	4	3	10	6	2	2	1	9	6	8	3	0	4	0	1	8	0	4	3	8	5	2	9	19	21	6	0	5	0	1	5	0	2	0	0	5	0	0	3	0	0	0	3	0	0	1	0	3	0	2	0	1	5	0	0	1	1	0	0	0	1	1	1	0	0	1	35	16	0	17	2	0	0	2	3	5	0
T[T>C]G	4	1	3	1	0	2	2	6	9	3	1	2	0	1	1	2	0	1	2	0	3	0	1	3	5	4	1	4	7	2	4	0	3	1	0	1	0	0	0	1	1	0	0	1	0	0	0	1	0	1	1	0	1	0	0	0	2	0	0	1	0	0	0	0	0	0	0	1	0	1	1	15	4	0	10	1	0	0	2	0	2	0
T[T>C]T	28	33	33	28	19	38	22	38	39	29	31	33	27	23	38	0	1	1	3	1	9	3	5	6	9	9	3	14	40	18	11	0	4	2	1	2	0	3	2	0	0	3	1	2	1	0	1	4	1	1	1	0	1	0	1	2	2	0	2	4	1	2	1	1	0	0	1	1	0	0	4	19	29	1	12	3	0	0	4	6	4	0
T[T>G]A	3	0	1	5	2	3	1	4	8	0	0	1	8	1	5	3	0	0	3	0	2	0	5	4	2	1	0	5	15	7	3	0	1	0	0	3	0	1	0	0	0	1	3	0	0	1	0	2	1	0	1	0	0	0	0	1	0	1	0	2	0	0	1	0	0	0	0	1	0	3	1	9	12	0	3	0	0	0	1	2	2	0
T[T>G]C	1	0	1	1	0	2	0	3	1	1	2	0	1	0	3	0	0	0	0	0	2	0	2	1	1	2	4	2	6	5	1	1	1	0	0	0	0	1	0	0	0	1	0	0	0	1	0	0	0	0	0	0	0	0	0	0	0	0	0	3	1	0	0	1	0	0	0	1	0	1	0	4	4	0	0	1	0	0	0	0	1	0
T[T>G]G	1	1	3	3	1	6	1	1	4	0	1	0	4	3	6	1	1	0	0	0	3	0	5	2	4	4	2	10	20	5	4	0	1	1	0	0	0	1	2	0	2	3	2	1	0	0	0	3	0	0	0	2	4	0	1	1	0	0	0	0	2	1	0	0	0	0	2	0	0	0	0	16	9	1	7	3	0	0	0	1	1	1
T[T>G]T	12	10	19	15	12	24	10	21	20	13	20	7	2	6	20	4	1	1	2	1	18	0	8	7	6	6	2	5	19	29	6	0	5	0	0	11	4	1	0	0	2	15	0	3	0	1	2	6	0	0	1	0	3	0	2	1	3	3	1	0	1	0	0	1	0	1	1	2	0	1	0	23	14	2	8	3	0	0	0	4	6	0
