MutationType	SBS1	SBS2	SBS5	SBS8	SBS13	SBS17a	SBS17b	SBS18	SBS31	SBS35	SBS46	SBS57	SBS84	SBS90
A[C>A]A	0.00087602	0.00000058	0.01205205	0.04431064	0.00181688	0.00207280	0.00060777	0.05168832	0.00960912	0.00889880	0.00441212	0.01232913	0.00350024	0.00222200
A[C>A]C	0.00222012	0.00014550	0.00933709	0.04729956	0.00070884	0.00090529	0.00012699	0.01561716	0.01835130	0.04585350	0.00464143	0.00141164	0.00497145	0.00070392
A[C>A]G	0.00017973	0.00005362	0.00190814	0.00476728	0.00027066	0.00004894	0.00005975	0.00250467	0.00171713	0.00143861	0.00030894	0.00342792	0.00046863	0.00014362
A[C>A]T	0.00126505	0.00009759	0.00663587	0.04720459	0.00034726	0.00006185	0.00045563	0.02146920	0.00632283	0.02175912	0.00340793	0.00865681	0.00936762	0.00177064
A[C>G]A	0.00183905	0.00000000	0.01014381	0.00435068	0.00386336	0.00101137	0.00014594	0.00173633	0.00838028	0.00360789	0.00120331	0.01543647	0.00681305	0.00051277
A[C>G]C	0.00118796	0.00013076	0.00563786	0.00291912	0.00093496	0.00056112	0.00004273	0.00256003	0.00313460	0.00451588	0.00148131	0.00308981	0.01073452	0.00027545
A[C>G]G	0.00011677	0.00001558	0.00177405	0.00029512	0.00027066	0.00015631	0.00000000	0.00197900	0.00310324	0.00035810	0.00000000	0.00285145	0.00004763	0.00004788
A[C>G]T	0.00112669	0.00009100	0.01013953	0.00573485	0.00399146	0.00001962	0.00031874	0.00409319	0.00380578	0.00954984	0.00220513	0.00507986	0.02982239	0.00093192
A[C>T]A	0.02471848	0.00006099	0.03274140	0.00684253	0.00716769	0.00122165	0.00057078	0.00923364	0.01782825	0.00222722	0.01524187	0.03267719	0.05432413	0.00071456
A[C>T]C	0.00615402	0.00135673	0.01770486	0.00279048	0.00000000	0.00168633	0.00006921	0.00459619	0.00920541	0.00396007	0.00878910	0.01273435	0.04180527	0.00029075
A[C>T]G	0.37062396	0.00003352	0.00637422	0.00333297	0.00031064	0.00004062	0.00029463	0.01257488	0.00785120	0.00060029	0.00473709	0.01811752	0.00263043	0.00009577
A[C>T]T	0.00946813	0.00185603	0.02208611	0.01255441	0.00031732	0.00073769	0.00014688	0.00799577	0.01016889	0.00090663	0.00681586	0.01542996	0.05476488	0.00065234
A[T>A]A	0.00078381	0.00009486	0.00734473	0.01941530	0.00000000	0.00100219	0.00006201	0.00247642	0.00784509	0.00488337	0.00268286	0.00325792	0.00156075	0.06135878
A[T>A]C	0.00220131	0.00087507	0.00694878	0.02136705	0.00006499	0.00099673	0.00028842	0.00087978	0.00610407	0.00740532	0.00180203	0.00643478	0.00040004	0.00035681
A[T>A]G	0.00111728	0.00002523	0.00907925	0.02270806	0.00058382	0.00019851	0.00006510	0.00258663	0.00502203	0.00132861	0.00049698	0.00576276	0.00007075	0.00035425
A[T>A]T	0.00017946	0.00000000	0.00617583	0.02491344	0.00060000	0.00144999	0.00062757	0.00780415	0.00415578	0.00736652	0.00198906	0.00627308	0.01065143	0.02348646
A[T>C]A	0.00106794	0.00006103	0.04597922	0.00972756	0.00188942	0.00009574	0.00009639	0.00200898	0.02036130	0.00203723	0.01838257	0.02642097	0.00000000	0.00571245
A[T>C]C	0.00300089	0.00002143	0.01343631	0.00502577	0.00014153	0.01269656	0.00025150	0.00209424	0.00744153	0.00082606	0.04785397	0.00966718	0.00032523	0.00018616
A[T>C]G	0.00010389	0.00001306	0.03802933	0.00695185	0.00042352	0.00037321	0.00000000	0.00206930	0.00810713	0.00091904	0.03270139	0.01023387	0.00001149	0.00010782
A[T>C]T	0.00562883	0.00015347	0.03815071	0.01484841	0.00094951	0.00773657	0.00053933	0.00422061	0.00846141	0.00202904	0.03043268	0.01779526	0.00938093	0.00286646
A[T>G]A	0.00016852	0.00023544	0.00384155	0.00163288	0.00006074	0.00084442	0.00139667	0.00071707	0.00367302	0.00304586	0.00009937	0.00701248	0.00012701	0.00543529
A[T>G]C	0.00020434	0.00007435	0.00260704	0.00067010	0.00000000	0.00069981	0.00447104	0.00085974	0.00249392	0.00097195	0.00080090	0.00078959	0.00127922	0.00004655
A[T>G]G	0.00026266	0.00000203	0.00790452	0.00475076	0.00008164	0.00071366	0.00098095	0.00197977	0.00401363	0.00447532	0.00159034	0.00122210	0.00095203	0.00023103
A[T>G]T	0.00010983	0.00000372	0.00481117	0.00073744	0.00031683	0.01241427	0.06850732	0.00183159	0.00078221	0.00262876	0.00059672	0.00593507	0.00176474	0.00204967
C[C>A]A	0.00030503	0.00020531	0.00737852	0.03983958	0.00138192	0.00029209	0.00026786	0.07343749	0.01065663	0.02979496	0.01546750	0.00862278	0.00000000	0.00118304
C[C>A]C	0.00173826	0.00009344	0.00605658	0.03828960	0.00094909	0.00114084	0.00004035	0.01932061	0.01147554	0.03266362	0.00709099	0.00387885	0.00516714	0.00044257
C[C>A]G	0.00009194	0.00000000	0.00346762	0.00341900	0.00000431	0.00000000	0.00000000	0.01201826	0.00033068	0.00221243	0.00450280	0.00107025	0.00006961	0.00021754
C[C>A]T	0.00000000	0.00041558	0.00644523	0.03278667	0.00000000	0.00013565	0.00017990	0.03602515	0.02778775	0.08221264	0.00822975	0.00813737	0.00562265	0.00101407
C[C>G]A	0.00002356	0.00000000	0.00691178	0.00496753	0.00553756	0.00054754	0.00019175	0.00060834	0.00204169	0.00384644	0.00049575	0.00088012	0.00000710	0.00033801
C[C>G]C	0.00007457	0.00034415	0.00894678	0.00538818	0.00063534	0.00023112	0.00004575	0.00222779	0.00184004	0.00623578	0.00029546	0.00282546	0.00340687	0.00007632
C[C>G]G	0.00034730	0.00004851	0.00249548	0.00001053	0.00048613	0.00023182	0.00000000	0.00358545	0.00085836	0.00087491	0.00010006	0.00076318	0.00000221	0.00001551
C[C>G]T	0.00000000	0.00006278	0.00946425	0.00545451	0.00631755	0.00003861	0.00019077	0.00376130	0.00340624	0.01614357	0.00148730	0.00284461	0.01326641	0.00029193
C[C>T]A	0.00195530	0.00426422	0.01926559	0.00265266	0.00001905	0.00081289	0.00045170	0.01161106	0.04103302	0.00508208	0.02815878	0.01476775	0.01797092	0.00061457
C[C>T]C	0.00026220	0.00016668	0.01874187	0.00396712	0.00132363	0.00169159	0.00005783	0.00666364	0.16224034	0.08235192	0.01309863	0.01191221	0.04022094	0.00030522
C[C>T]G	0.19338070	0.00275937	0.01753852	0.00149393	0.00198236	0.00189852	0.00054164	0.01682557	0.00824185	0.00268508	0.00830516	0.00640151	0.00000000	0.00020157
C[C>T]T	0.00019163	0.00143132	0.02294064	0.01440626	0.00143132	0.00172286	0.00013443	0.00659965	0.14441665	0.04683629	0.00634583	0.03171692	0.04210452	0.00036875
C[T>A]A	0.00004226	0.00024115	0.00353436	0.01897802	0.00020741	0.00043202	0.00009302	0.00054077	0.02062673	0.05269681	0.00418670	0.00636731	0.00013685	0.10239630
C[T>A]C	0.00038745	0.00024288	0.00519741	0.02925448	0.00034042	0.04043729	0.00223266	0.00306229	0.02119131	0.03316078	0.00329950	0.00658647	0.00000000	0.00035635
C[T>A]G	0.00031846	0.00014787	0.00500211	0.02756856	0.00022428	0.01234366	0.00071251	0.00320277	0.01872460	0.05830814	0.00428646	0.00128544	0.00012545	0.00037073
C[T>A]T	0.00025723	0.00000000	0.00432124	0.04202480	0.00052242	0.07244113	0.00779170	0.00226962	0.03124331	0.06695743	0.00361208	0.01073176	0.00000000	0.10151145
C[T>C]A	0.00000000	0.00029970	0.01327881	0.00238723	0.00004704	0.01104938	0.00064294	0.00038512	0.00816058	0.00133245	0.02222938	0.01195739	0.00227462	0.00478848
C[T>C]C	0.00246469	0.00002837	0.01041485	0.00701306	0.00012144	0.17273211	0.00643884	0.00246184	0.00995289	0.00202984	0.08338745	0.00455756	0.00000327	0.00021691
C[T>C]G	0.00035385	0.00000000	0.02076722	0.00125856	0.00000000	0.08690338	0.00389544	0.00161635	0.00446587	0.00156290	0.05024128	0.00827067	0.00363630	0.00020081
C[T>C]T	0.00004214	0.00018579	0.01497359	0.00649474	0.00011187	0.42683155	0.01830399	0.00257090	0.01390831	0.00320670	0.09612140	0.02437213	0.00092661	0.00642123
C[T>G]A	0.00003489	0.00015184	0.00258587	0.00121859	0.00004109	0.00030859	0.00203712	0.00011075	0.00197256	0.00371683	0.00000000	0.00013950	0.00089915	0.00897454
C[T>G]C	0.00020901	0.00015429	0.00461658	0.00195364	0.00000281	0.00103839	0.03129713	0.00199149	0.00143619	0.00052052	0.00179973	0.00084655	0.00216008	0.00004649
C[T>G]G	0.00012581	0.00012008	0.00612034	0.00469465	0.00000000	0.00000193	0.01361416	0.00292340	0.00150197	0.00637182	0.00159496	0.00218226	0.00079041	0.00012358
C[T>G]T	0.00016918	0.00020277	0.00733605	0.00057709	0.00005544	0.00532037	0.55012000	0.00415763	0.00095645	0.00273275	0.00200671	0.00517532	0.00000000	0.00979579
G[C>A]A	0.00155627	0.00008572	0.01020530	0.02422316	0.00094377	0.00177563	0.00099383	0.10898274	0.01314476	0.00990909	0.00719239	0.00188727	0.00271510	0.00097520
G[C>A]C	0.00032932	0.00000000	0.00754878	0.02586463	0.00044235	0.00125931	0.00000273	0.01705952	0.02127695	0.04970614	0.00295564	0.00074059	0.01013168	0.00041220
G[C>A]G	0.00058277	0.00001393	0.00235978	0.00276437	0.00016439	0.00010658	0.00009275	0.00761874	0.00098305	0.00051304	0.00040275	0.00000000	0.00077297	0.00012465
G[C>A]T	0.00000000	0.00005066	0.00678912	0.02678993	0.00006086	0.00004664	0.00052909	0.06197593	0.00350423	0.02287473	0.00238537	0.00193737	0.01017140	0.00040043
G[C>G]A	0.00000944	0.00006504	0.00468243	0.00258247	0.00149174	0.00087585	0.00005965	0.00063490	0.00183625	0.00339339	0.00009989	0.00378453	0.01119904	0.00043342
G[C>G]C	0.00015932	0.00025600	0.00501278	0.00235941	0.00046981	0.00082150	0.00005451	0.00132137	0.00743209	0.02118947	0.00078817	0.00253102	0.01560863	0.00029007
G[C>G]G	0.00016480	0.00000000	0.00152276	0.00049234	0.00024157	0.00002383	0.00000000	0.00064396	0.00046220	0.00059805	0.00000000	0.00187204	0.00171879	0.00004682
G[C>G]T	0.00000000	0.00013259	0.00668958	0.00484011	0.00267158	0.00078111	0.00000000	0.00122360	0.00335447	0.00873036	0.00059634	0.00043317	0.07599953	0.00026182
G[C>T]A	0.00437332	0.00000000	0.01941008	0.00027626	0.00714044	0.00163598	0.00006085	0.00967847	0.00682323	0.00731887	0.01258668	0.00513259	0.08956128	0.00044890
G[C>T]C	0.00009013	0.00000013	0.02131420	0.00024186	0.00090334	0.00000000	0.00015419	0.00805643	0.01128173	0.01762489	0.00443346	0.00682490	0.11056902	0.00032060
G[C>T]G	0.21642840	0.00000000	0.01240397	0.00192699	0.00017842	0.00161878	0.00085818	0.01491499	0.00199240	0.00256016	0.00151030	0.00849465	0.00933707	0.00017127
G[C>T]T	0.00003763	0.00004987	0.01851580	0.00459114	0.00125663	0.00006550	0.00000000	0.00665520	0.00569062	0.00602335	0.00397562	0.00613996	0.18030277	0.00050824
G[T>A]A	0.00007934	0.00000000	0.00364294	0.01271117	0.00000661	0.00006393	0.00009614	0.00158713	0.00189145	0.00071416	0.00604548	0.00329897	0.00109466	0.03886930
G[T>A]C	0.00012635	0.00012954	0.00289509	0.01343672	0.00012855	0.00337253	0.00034360	0.00193870	0.00290348	0.00555055	0.00099331	0.00059278	0.00006551	0.00016931
G[T>A]G	0.00024293	0.00006361	0.00412278	0.01565536	0.00004686	0.00069509	0.00024061	0.00183445	0.00580471	0.00112735	0.00240367	0.00246281	0.00033971	0.00015519
G[T>A]T	0.00025727	0.00006322	0.00326151	0.02847471	0.00036043	0.00484743	0.00159285	0.00350223	0.00080149	0.00290683	0.00121355	0.00801648	0.00013803	0.01692449
G[T>C]A	0.00102607	0.00000000	0.01399603	0.00258196	0.00028317	0.00012173	0.00005879	0.00070230	0.00450962	0.00056276	0.02190247	0.00382402	0.00000000	0.00327181
G[T>C]C	0.00186091	0.00002709	0.00789933	0.00260772	0.00017998	0.01477962	0.00148531	0.00224690	0.00655527	0.00202655	0.05721465	0.00227380	0.00086477	0.00009238
G[T>C]G	0.00115541	0.00010669	0.01504666	0.00281997	0.00019443	0.00357046	0.00100838	0.00398967	0.00516086	0.00019225	0.03535399	0.00472540	0.00019927	0.00007762
G[T>C]T	0.00007108	0.00001258	0.01387662	0.00637388	0.00000000	0.00529178	0.00148196	0.00318845	0.00476422	0.00042789	0.06138564	0.00541845	0.00372372	0.00134769
G[T>G]A	0.00000000	0.00020621	0.00250142	0.00130091	0.00008653	0.00048989	0.00027762	0.00086300	0.00030263	0.00175303	0.00000000	0.00138695	0.00001883	0.00634256
G[T>G]C	0.00000000	0.00013152	0.00170124	0.00065292	0.00000000	0.00020235	0.00618878	0.00003676	0.00087005	0.00506138	0.00009933	0.00016979	0.00122776	0.00004619
G[T>G]G	0.00034366	0.00003699	0.00531649	0.00398409	0.00042475	0.00083511	0.00147763	0.00584417	0.00256534	0.00406650	0.00120184	0.00086198	0.00021422	0.00023279
G[T>G]T	0.00001456	0.00000000	0.00238030	0.00130720	0.00000291	0.00731154	0.11492728	0.00216612	0.00285447	0.00340486	0.00060678	0.00286086	0.00136249	0.00293146
T[C>A]A	0.00006505	0.00063796	0.00789481	0.02994507	0.07887173	0.00019027	0.00001240	0.07407663	0.00187365	0.00531155	0.01233501	0.01433517	0.00210071	0.00203573
T[C>A]C	0.00249718	0.00016941	0.00919383	0.02517624	0.02929879	0.00002589	0.00000000	0.04368369	0.00943161	0.02323969	0.00710723	0.00070945	0.00000912	0.00079109
T[C>A]G	0.00000000	0.00008647	0.00234587	0.00193874	0.01226694	0.00000000	0.00009655	0.01294450	0.00097687	0.00009695	0.00254584	0.00022700	0.00000000	0.00007892
T[C>A]T	0.00000584	0.00044117	0.01281085	0.03219251	0.03559408	0.00028965	0.00258026	0.12298149	0.00454231	0.01548663	0.00302142	0.00623179	0.00121888	0.00146700
T[C>G]A	0.00000000	0.00000000	0.00784459	0.00147716	0.31648532	0.00375541	0.00015995	0.00214802	0.00039891	0.00668227	0.00280797	0.00228561	0.00000000	0.00065268
T[C>G]C	0.00020037	0.00009836	0.00761975	0.00134407	0.06328139	0.00072272	0.00006167	0.00464891	0.00293607	0.00566405	0.00240245	0.00280177	0.00011467	0.00032574
T[C>G]G	0.00006967	0.00004177	0.00174410	0.00007980	0.01399040	0.00038643	0.00001574	0.00091631	0.00042552	0.00015863	0.00010183	0.00135386	0.00000074	0.00006314
T[C>G]T	0.00154918	0.00118313	0.01260911	0.00025128	0.36997785	0.00028462	0.00150599	0.00320558	0.00428939	0.02145860	0.00493498	0.01298708	0.00501551	0.00145140
T[C>T]A	0.00109760	0.53513022	0.02038991	0.00506454	0.00691875	0.00053277	0.00010797	0.01144273	0.00753488	0.00298334	0.01855265	0.00816002	0.00007138	0.00212975
T[C>T]C	0.00003681	0.09696512	0.02305978	0.00025277	0.00446458	0.00009055	0.00060273	0.01142188	0.02473535	0.01267620	0.01261284	0.01731095	0.02708129	0.00099274
T[C>T]G	0.11045130	0.04480987	0.01621710	0.00004255	0.00120642	0.00017999	0.00006335	0.01202717	0.00860256	0.00078294	0.00376784	0.00468254	0.00000708	0.00029982
T[C>T]T	0.00000000	0.30079527	0.02118330	0.00531832	0.00142376	0.00034999	0.00089857	0.00378017	0.01972716	0.00813807	0.00443141	0.03745112	0.01705089	0.00280915
T[T>A]A	0.00652536	0.00041373	0.00622390	0.01134804	0.00029020	0.00011703	0.00116825	0.01064541	0.00662771	0.00425591	0.00443160	0.00297295	0.00650476	0.35385828
T[T>A]C	0.00000000	0.00019425	0.00421396	0.01985705	0.00023472	0.00578459	0.00024517	0.00277689	0.00382805	0.00541324	0.00436992	0.00937647	0.00088328	0.00089762
T[T>A]G	0.00002774	0.00005011	0.00482061	0.01298813	0.00018806	0.00183622	0.00000000	0.00180022	0.00330043	0.00139360	0.00050240	0.00441944	0.00079203	0.00060724
T[T>A]T	0.00222101	0.00020431	0.00877350	0.03801842	0.00006179	0.00197942	0.00130735	0.00711425	0.00892963	0.00544319	0.00340376	0.02892080	0.00710569	0.16390958
T[T>C]A	0.00024761	0.00000000	0.01775439	0.00205252	0.00002167	0.00205535	0.00104062	0.00177424	0.00454048	0.00036423	0.00915864	0.00482366	0.00042865	0.01002599
T[T>C]C	0.00339697	0.00004401	0.00988347	0.00268834	0.00002519	0.01552705	0.00111439	0.00628614	0.01051437	0.00083956	0.05518297	0.02712371	0.00055016	0.00045669
T[T>C]G	0.00041216	0.00011704	0.01278117	0.00000000	0.00009984	0.00235799	0.00121201	0.00327861	0.00404732	0.00044232	0.02381389	0.00297308	0.00002263	0.00014013
T[T>C]T	0.00427420	0.00003568	0.01854969	0.00458428	0.00052922	0.02099383	0.00099798	0.00337676	0.01216763	0.00106650	0.03654036	0.19514038	0.00988438	0.00403044
T[T>G]A	0.00000000	0.00001637	0.00514877	0.00000000	0.00018040	0.00000000	0.00001198	0.00068604	0.00222572	0.00424602	0.00068936	0.00316983	0.00185710	0.01841913
T[T>G]C	0.00005520	0.00007122	0.00667720	0.00116087	0.00000000	0.00011772	0.00886448	0.00213607	0.00242953	0.00198145	0.00101626	0.00402284	0.00075394	0.00018897
T[T>G]G	0.00057761	0.00009543	0.00698436	0.00311111	0.00003671	0.00092313	0.00478795	0.00145828	0.00539978	0.00486749	0.00090432	0.00542386	0.00000000	0.00029583
T[T>G]T	0.00000000	0.00000000	0.01353626	0.00099911	0.00001884	0.00457865	0.12175308	0.00517035	0.00734080	0.00364221	0.00100111	0.11908566	0.00664591	0.00839340
