MutationType	SBS96A	SBS96B	SBS96C	SBS96D	SBS96E	SBS96F	SBS96G	SBS96H	SBS96I	SBS96J
A[C>A]A	1.99E-04	8.44E-04	6.20E-04	3.17E-04	6.38E-04	1.05E-03	5.36E-04	1.21E-03	2.61E-04	4.14E-04
A[C>A]C	1.18E-04	6.04E-04	4.62E-04	5.85E-04	4.84E-04	1.22E-03	4.94E-04	1.01E-03	1.10E-04	3.61E-04
A[C>A]G	1.08E-04	2.75E-04	1.53E-04	6.18E-05	1.66E-04	2.25E-04	1.70E-04	2.00E-04	1.50E-09	2.51E-04
A[C>A]T	1.59E-04	8.11E-04	4.61E-04	3.10E-04	7.08E-04	1.01E-03	5.15E-04	1.30E-03	2.29E-04	1.21E-04
A[C>G]A	2.66E-04	6.74E-04	4.28E-04	1.49E-04	3.71E-04	5.27E-04	3.44E-04	5.90E-04	1.31E-04	6.60E-04
A[C>G]C	1.49E-04	4.35E-04	2.16E-04	1.42E-04	3.89E-04	3.49E-04	2.75E-04	4.28E-04	1.94E-09	2.65E-04
A[C>G]G	1.31E-04	2.00E-04	8.15E-05	5.87E-05	2.40E-04	1.87E-04	2.83E-04	3.71E-04	1.03E-04	2.44E-05
A[C>G]T	2.67E-04	7.01E-04	3.53E-04	2.05E-04	5.06E-04	7.33E-04	3.59E-04	8.29E-04	1.63E-04	3.42E-04
A[C>T]A	3.87E-04	9.13E-04	5.57E-04	2.37E-04	9.35E-04	1.12E-03	5.81E-04	1.11E-03	2.53E-04	1.33E-03
A[C>T]C	3.30E-04	7.78E-04	3.84E-04	1.90E-04	4.20E-04	7.96E-04	3.65E-04	7.53E-04	1.05E-04	2.82E-04
A[C>T]G	1.12E-03	1.98E-03	8.37E-04	4.86E-04	1.31E-03	1.33E-03	1.46E-03	2.83E-03	3.83E-04	3.06E-04
A[C>T]T	3.31E-04	7.15E-04	4.12E-04	2.55E-04	5.77E-04	8.39E-04	4.50E-04	9.26E-04	2.20E-04	3.25E-04
A[T>A]A	2.10E-04	6.27E-04	3.24E-04	2.03E-04	3.57E-04	6.12E-04	3.52E-04	6.44E-04	2.39E-04	3.33E-04
A[T>A]C	1.21E-04	3.81E-04	9.79E-05	1.36E-04	5.13E-04	4.26E-04	2.55E-04	5.27E-04	1.41E-04	3.98E-09
A[T>A]G	2.31E-04	5.65E-04	1.59E-04	1.42E-04	3.59E-04	5.09E-04	2.90E-04	5.34E-04	1.78E-04	3.52E-04
A[T>A]T	2.56E-04	5.78E-04	4.50E-04	2.17E-04	7.98E-04	7.19E-04	5.12E-04	9.63E-04	3.62E-04	8.31E-04
A[T>C]A	5.99E-04	1.17E-03	6.34E-04	2.81E-04	7.61E-04	1.32E-03	4.99E-04	9.04E-04	2.46E-04	6.02E-04
A[T>C]C	2.77E-04	6.64E-04	2.79E-04	6.08E-05	3.25E-04	3.92E-04	2.45E-04	4.83E-04	2.24E-04	1.63E-04
A[T>C]G	5.65E-04	8.58E-04	4.03E-04	6.54E-05	5.24E-04	3.87E-04	3.51E-04	7.16E-04	1.90E-04	3.08E-04
A[T>C]T	4.97E-04	1.07E-03	6.39E-04	3.06E-04	5.85E-04	1.37E-03	4.82E-04	9.21E-04	3.13E-04	3.93E-04
A[T>G]A	2.20E-04	4.76E-04	1.41E-04	1.27E-04	2.06E-04	3.71E-04	1.20E-04	3.91E-04	1.52E-04	2.30E-04
A[T>G]C	1.33E-04	2.54E-04	1.18E-04	6.02E-05	3.24E-06	2.34E-04	7.31E-05	2.54E-04	1.46E-04	1.60E-04
A[T>G]G	1.66E-04	3.38E-04	1.96E-04	9.05E-05	3.70E-04	2.91E-04	2.00E-04	3.23E-04	1.43E-04	2.90E-04
A[T>G]T	1.95E-04	4.96E-04	3.53E-04	6.53E-05	4.28E-04	2.02E-04	2.31E-04	1.80E-04	4.60E-04	3.28E-04
C[C>A]A	2.76E-04	9.02E-04	5.58E-04	3.27E-04	6.80E-04	1.04E-03	3.50E-04	8.51E-04	1.67E-04	4.13E-04
C[C>A]C	2.56E-04	9.00E-04	3.64E-04	3.03E-04	2.95E-04	9.38E-04	1.90E-04	8.40E-04	8.64E-10	4.80E-04
C[C>A]G	1.60E-04	2.48E-04	1.80E-04	9.43E-05	1.10E-04	1.60E-04	1.91E-04	1.79E-04	1.36E-09	3.45E-04
C[C>A]T	8.13E-05	1.19E-03	5.73E-04	9.75E-04	6.59E-04	9.11E-04	5.19E-04	1.56E-03	2.06E-04	3.30E-09
C[C>G]A	1.52E-04	5.65E-04	3.15E-04	1.33E-04	2.29E-04	5.48E-04	2.17E-04	4.53E-04	1.20E-04	6.85E-05
C[C>G]C	1.33E-04	4.68E-04	2.50E-04	1.33E-04	2.04E-04	4.90E-04	1.63E-04	4.05E-04	1.18E-04	1.79E-04
C[C>G]G	1.42E-04	1.57E-04	8.43E-05	3.87E-05	1.28E-04	1.39E-04	1.46E-04	2.19E-04	5.94E-05	1.13E-04
C[C>G]T	2.00E-04	8.19E-04	3.14E-04	1.78E-04	3.38E-04	8.37E-04	1.78E-04	6.07E-04	1.95E-04	2.92E-05
C[C>T]A	3.34E-04	8.09E-04	5.54E-04	3.86E-04	7.22E-04	8.91E-04	5.10E-04	7.02E-04	1.77E-04	4.80E-04
C[C>T]C	8.10E-04	1.03E-03	6.04E-04	1.40E-03	6.66E-04	1.00E-03	5.67E-04	1.96E-03	1.86E-04	3.27E-04
C[C>T]G	6.35E-04	9.90E-04	6.51E-04	3.12E-04	1.02E-03	1.06E-03	9.28E-04	1.37E-03	2.56E-04	2.71E-04
C[C>T]T	7.20E-04	1.00E-03	3.59E-04	9.48E-04	8.06E-04	1.15E-03	5.64E-04	1.77E-03	2.91E-04	2.95E-04
C[T>A]A	1.97E-04	3.79E-04	1.20E-04	3.66E-04	2.38E-04	7.46E-04	6.32E-05	5.16E-04	8.65E-10	3.40E-04
C[T>A]C	2.28E-04	2.64E-04	2.14E-04	3.62E-04	2.44E-04	9.07E-04	3.40E-04	8.73E-04	1.98E-04	8.25E-04
C[T>A]G	3.15E-04	4.88E-04	4.34E-05	4.79E-04	3.02E-04	9.82E-04	1.25E-08	5.53E-04	1.72E-04	3.38E-04
C[T>A]T	2.91E-04	4.62E-04	3.54E-04	5.69E-04	2.94E-04	1.13E-03	3.68E-04	9.85E-04	4.15E-04	3.47E-04
C[T>C]A	3.01E-04	5.94E-04	3.16E-04	1.33E-04	4.78E-04	5.27E-04	1.55E-04	3.59E-04	1.41E-04	1.08E-04
C[T>C]C	3.79E-04	8.54E-04	3.34E-04	2.68E-04	4.07E-04	7.27E-04	2.31E-04	8.37E-04	3.73E-04	2.65E-04
C[T>C]G	3.57E-04	5.53E-04	3.29E-04	1.75E-04	4.22E-04	5.01E-04	2.02E-04	4.18E-04	3.10E-04	0.00E+00
C[T>C]T	4.00E-04	5.67E-04	3.32E-04	3.18E-04	5.76E-04	6.67E-04	1.36E-04	7.06E-04	7.57E-04	5.38E-04
C[T>G]A	1.52E-04	3.33E-04	1.95E-04	1.04E-04	2.01E-04	2.30E-04	1.47E-04	2.26E-04	2.03E-04	4.85E-09
C[T>G]C	1.19E-04	1.76E-04	1.81E-04	7.59E-05	1.69E-04	2.46E-04	7.95E-05	1.51E-04	2.81E-04	2.13E-04
C[T>G]G	1.65E-04	3.71E-04	1.47E-04	1.29E-04	3.83E-04	3.56E-04	2.65E-04	4.20E-04	2.02E-04	3.75E-05
C[T>G]T	1.45E-05	4.66E-04	1.25E-04	2.03E-04	9.25E-05	4.03E-04	4.73E-08	6.70E-04	1.12E-03	1.77E-08
G[C>A]A	3.15E-04	8.47E-04	8.91E-04	5.08E-04	8.34E-04	1.70E-03	6.10E-04	1.13E-03	1.90E-04	3.37E-04
G[C>A]C	2.07E-04	7.30E-04	5.36E-04	1.11E-03	4.34E-04	2.18E-03	1.08E-04	3.68E-04	1.33E-04	2.25E-04
G[C>A]G	1.84E-04	2.51E-04	1.64E-04	7.23E-05	0.00E+00	7.71E-05	1.43E-04	1.52E-04	2.64E-09	1.82E-04
G[C>A]T	2.50E-04	7.56E-04	5.57E-04	2.45E-04	4.69E-04	7.60E-04	2.90E-04	6.71E-04	1.48E-04	2.07E-04
G[C>G]A	1.70E-04	5.10E-04	1.71E-04	1.30E-04	2.59E-04	5.53E-04	1.04E-04	3.13E-04	1.13E-04	2.01E-04
G[C>G]C	2.25E-04	4.29E-04	1.76E-04	5.09E-04	7.15E-05	8.72E-04	2.39E-05	2.96E-04	7.45E-05	3.66E-05
G[C>G]G	1.33E-04	1.34E-04	8.03E-05	5.30E-05	7.39E-05	9.83E-05	6.39E-05	2.58E-04	2.05E-05	2.05E-04
G[C>G]T	1.57E-04	4.30E-04	1.19E-04	1.69E-04	3.22E-04	4.22E-04	2.16E-04	4.41E-04	9.63E-05	1.93E-04
G[C>T]A	3.95E-04	1.00E-03	4.29E-04	3.20E-04	6.18E-04	7.93E-04	4.61E-04	7.15E-04	1.61E-04	2.53E-04
G[C>T]C	3.79E-04	8.29E-04	4.25E-04	2.83E-04	5.71E-04	6.64E-04	4.32E-04	7.73E-04	2.22E-04	1.42E-04
G[C>T]G	7.83E-04	1.58E-03	2.49E-04	3.61E-04	1.21E-03	8.89E-04	9.71E-04	1.80E-03	3.12E-04	5.01E-04
G[C>T]T	4.68E-04	1.11E-03	3.60E-04	3.23E-04	5.21E-04	1.11E-03	5.06E-04	1.17E-03	2.38E-04	2.32E-04
G[T>A]A	1.42E-04	3.17E-04	1.30E-04	1.44E-04	2.81E-04	3.63E-04	1.57E-04	4.07E-04	1.67E-05	6.93E-05
G[T>A]C	1.12E-04	2.22E-04	1.05E-04	1.06E-04	3.29E-04	3.48E-04	1.16E-04	3.76E-04	1.54E-04	5.14E-09
G[T>A]G	2.13E-04	4.03E-04	5.48E-05	1.27E-04	1.06E-04	4.31E-04	7.21E-05	3.37E-04	9.39E-10	6.15E-04
G[T>A]T	1.68E-04	5.07E-04	9.42E-05	1.65E-04	4.81E-04	6.21E-04	2.54E-04	6.18E-04	2.02E-04	2.45E-04
G[T>C]A	4.11E-04	8.83E-04	3.56E-04	1.57E-04	5.01E-04	8.78E-04	3.14E-04	4.61E-04	2.49E-04	2.32E-04
G[T>C]C	2.75E-04	4.73E-04	1.81E-04	1.85E-04	2.39E-04	3.63E-04	2.71E-04	5.25E-04	2.64E-04	1.75E-04
G[T>C]G	2.44E-04	4.32E-04	8.64E-05	1.30E-04	2.80E-04	2.84E-04	2.60E-04	3.83E-04	2.04E-04	7.68E-04
G[T>C]T	3.58E-04	6.82E-04	3.34E-04	1.82E-04	4.75E-04	6.56E-04	3.14E-04	4.68E-04	2.56E-04	2.56E-04
G[T>G]A	1.89E-04	2.27E-04	3.52E-05	4.97E-05	1.69E-04	2.30E-04	1.15E-04	2.61E-04	5.98E-05	6.11E-09
G[T>G]C	9.24E-05	6.92E-05	3.43E-05	1.23E-04	1.49E-04	2.65E-04	7.36E-05	1.74E-04	1.39E-04	8.05E-09
G[T>G]G	1.69E-04	2.04E-04	1.23E-04	1.22E-04	1.85E-04	2.93E-04	1.68E-04	3.53E-04	1.28E-04	1.84E-04
G[T>G]T	1.42E-04	3.50E-04	2.01E-04	1.13E-04	3.06E-04	2.71E-04	1.45E-04	3.13E-04	5.50E-04	9.95E-05
T[C>A]A	2.66E-04	9.26E-04	5.37E-04	2.81E-04	7.39E-04	8.35E-04	3.61E-04	8.14E-04	1.75E-04	1.95E-04
T[C>A]C	2.20E-04	6.98E-04	5.08E-04	3.45E-04	4.84E-04	8.74E-04	1.61E-04	7.43E-04	1.91E-04	1.64E-09
T[C>A]G	7.18E-05	2.13E-04	1.54E-04	3.09E-05	1.84E-04	1.85E-04	8.48E-05	1.63E-04	1.61E-09	1.55E-08
T[C>A]T	1.98E-04	1.72E-03	9.40E-04	5.72E-04	1.52E-03	1.30E-03	5.29E-04	1.62E-03	2.55E-04	4.40E-04
T[C>G]A	3.14E-04	9.01E-04	4.01E-04	2.10E-04	8.91E-04	5.75E-04	2.81E-04	9.49E-04	1.64E-04	1.87E-04
T[C>G]C	2.32E-04	6.16E-04	2.76E-04	1.21E-04	5.35E-04	4.45E-04	2.18E-04	5.00E-04	9.58E-05	2.56E-04
T[C>G]G	1.26E-04	1.87E-04	9.60E-05	4.88E-05	2.09E-04	1.71E-04	1.55E-04	2.33E-04	7.92E-05	1.85E-04
T[C>G]T	3.75E-04	1.86E-03	8.85E-04	3.01E-04	1.80E-03	1.20E-03	1.39E-05	1.82E-03	1.33E-04	4.77E-04
T[C>T]A	7.91E-04	1.61E-03	1.09E-03	2.51E-04	1.55E-03	1.35E-03	6.48E-04	1.44E-03	2.02E-04	3.39E-04
T[C>T]C	6.42E-04	1.11E-03	8.61E-04	3.60E-04	1.47E-03	1.33E-03	6.15E-04	1.15E-03	1.85E-04	3.83E-04
T[C>T]G	4.99E-04	9.10E-04	4.47E-04	2.41E-04	6.88E-04	6.09E-04	7.00E-04	1.23E-03	2.19E-04	4.02E-04
T[C>T]T	8.06E-04	1.96E-03	1.02E-03	4.57E-04	1.61E-03	1.80E-03	7.39E-04	1.64E-03	2.44E-04	3.96E-04
T[T>A]A	2.26E-04	8.41E-04	4.46E-04	3.81E-04	6.84E-04	7.48E-04	4.62E-04	6.67E-04	2.49E-04	1.76E-03
T[T>A]C	1.23E-04	4.65E-04	2.27E-04	1.15E-04	2.37E-04	4.66E-04	1.12E-04	4.80E-04	1.58E-04	2.76E-04
T[T>A]G	1.69E-04	3.89E-04	1.32E-04	1.31E-04	2.39E-04	4.37E-04	1.85E-04	4.01E-04	1.57E-04	2.30E-04
T[T>A]T	2.08E-04	7.29E-04	4.32E-04	2.97E-04	6.64E-04	9.39E-04	5.45E-04	1.10E-03	2.82E-04	1.10E-03
T[T>C]A	6.00E-04	1.27E-03	6.32E-04	2.44E-04	7.13E-04	8.87E-04	3.75E-04	8.93E-04	2.18E-04	3.40E-04
T[T>C]C	3.97E-04	7.08E-04	1.92E-04	2.09E-04	6.17E-04	6.69E-04	3.53E-04	7.61E-04	3.09E-04	4.99E-04
T[T>C]G	2.72E-04	4.89E-04	2.30E-04	1.09E-04	4.59E-04	2.44E-04	1.82E-04	4.10E-04	1.78E-04	3.48E-04
T[T>C]T	4.93E-04	1.10E-03	5.02E-04	3.53E-04	7.82E-04	5.59E-04	1.50E-04	4.53E-04	3.08E-04	1.64E-03
T[T>G]A	2.45E-04	5.42E-04	2.46E-04	1.27E-04	1.70E-04	4.91E-04	1.17E-04	2.51E-04	2.11E-04	1.35E-04
T[T>G]C	1.67E-04	3.25E-04	2.01E-04	2.45E-05	1.70E-04	2.41E-04	1.10E-04	2.45E-04	1.88E-04	1.40E-04
T[T>G]G	2.22E-04	4.48E-04	2.89E-04	1.23E-04	4.07E-04	3.30E-04	2.11E-04	5.13E-04	2.04E-04	1.68E-04
T[T>G]T	2.51E-04	7.59E-04	4.88E-04	1.97E-04	6.70E-04	4.87E-04	3.48E-04	6.51E-04	7.05E-04	1.29E-03
