MutationType	SBS96A	SBS96B	SBS96C	SBS96D	SBS96E	SBS96F	SBS96G	SBS96H	SBS96I	SBS96J
A[C>A]A	0.001874445806606673	0.01448015361325598	0.04736107338219881	0.005122533786052372	0.007050666300856392	0.02473003313090885	0.019904303112998605	0.02907761093985755	0.006422789226053283	0.008093333938159048
A[C>A]C	0.0006818461114016827	0.004596049302508397	0.016116372868418695	0.02395472764968872	0.004227864011918428	0.03357832456938922	0.010404792355191149	0.024278884714003652	0.002128303059726022	0.006659196192513264
A[C>A]G	0.0025282935448922217	0.0027598488774674477	0.0042905415646964686	0.0006026687925122331	0.0013432426713147017	0.0021915437957068205	0.0032967837000418853	0.0017574535335006657	8.14554770078857e-09	0.0024729891232879633
A[C>A]T	0.0008083343712615942	0.007306202996905933	0.01759546055691317	0.004168483413523063	0.016496339046861975	0.02732277034316212	0.007392755237733581	0.028505574978189542	0.006298751791473478	0.0008750610045947838
A[C>G]A	0.008124549321364612	0.012662615979206749	0.012221447175834328	0.0022905974586501544	0.005165315194899449	0.00871012459116173	0.005999821640725714	0.014107065673451871	0.001544141724299557	0.03189575402066112
A[C>G]C	0.005861847769701853	0.009206091459782328	0.007051844554953277	0.002740587474690983	0.005091100091231055	0.003986962045164556	0.005103176403095517	0.004991106490742823	8.516612197695395e-09	0.002971475315201445
A[C>G]G	0.0034303280181484297	0.001095906091472898	0.0005137158702564193	0.0005377707592015213	0.0025121824081404532	0.0013185094619166194	0.004060057976284384	0.007164880060590803	0.0019826112725306187	3.257678747791149e-05
A[C>G]T	0.011969111645594239	0.014237529675883707	0.005233436136040837	0.005231795384897851	0.007639844862569589	0.007088650690857321	0.008259048284380698	0.012695999362622388	0.00204314856590031	0.005588470166258048
A[C>T]A	0.01974165945779532	0.015233704969868995	0.020055584507063032	0.0019644408081708063	0.016906695252982898	0.016055485923279777	0.028207593755796553	0.034645147789269685	0.007049147622892633	0.09929459653794766
A[C>T]C	0.01258124316809699	0.012378372385576661	0.010152536798268557	0.0032583231866738062	0.006797505808062852	0.016956790471449493	0.006726729122165125	0.013841505590826274	0.0014242879580706358	0.004351749504021427
A[C>T]G	0.009620426461788508	0.01891891628825533	0.011609057006426155	0.008525871798410663	0.014775909041513477	0.010151361027162981	0.22485946699976922	0.04682087713154033	0.017064365013502537	0.0021033848330590417
A[C>T]T	0.02437385723926127	0.013670987607911229	0.014238389697857201	0.006471776070538908	0.010889106508111581	0.019086063802533318	0.01985950398258865	0.023768794637871907	0.005858353311195969	0.00546563261859518
A[T>A]A	0.0046016239892924206	0.011060020785080268	0.006163060298276833	0.005961258966126479	0.002747609799394155	0.014266455580946058	0.011099048497235343	0.010550770711777204	0.006860949541442096	0.004787171004770414
A[T>A]C	0.0012042302598638344	0.00363738335785456	0.0005874848527179211	0.005870286319404841	0.009762819423340261	0.007800927913922351	0.002352835133999349	0.00951417466351586	0.002037471351673501	1.4245155721681613e-08
A[T>A]G	0.006356189184516552	0.009739813488558867	0.0012619365448003584	0.0021322039279220916	0.004892742740048561	0.010209641595138238	0.005542160520562902	0.011149137495085597	0.0031462802122494793	0.0037558093442376615
A[T>A]T	0.00564478546497412	0.0046733738458715375	0.013749167042551563	0.0066389527823776	0.0149235705222236	0.008139876192700513	0.014177972986362874	0.02304516501026228	0.01278945776168257	0.027833509584888817
A[T>C]A	0.022752221627160906	0.04562065915204585	0.019697800460271538	0.003016894251049962	0.011038425679726061	0.013801377835916355	0.006636847883928567	0.007691496090974397	0.007507952486630529	0.028073325082659722
A[T>C]C	0.01906961102038622	0.01081368121493142	0.006454989059129732	0.00021284120535710826	0.002868496146820689	0.008655854563985486	0.002260680435371114	0.008722087885253131	0.007162255743751302	0.0010939960708819284
A[T>C]G	0.027436000485904513	0.012421190368768294	0.010026505017303861	0.000182412966969423	0.008464658761222382	0.003234354287570653	0.005062379332147771	0.01312038000440225	0.0037547345377970487	0.004864427061733068
A[T>C]T	0.024488464719615875	0.03942836696282029	0.00997397001076024	0.0066112736624199895	0.005628272420216693	0.01725488542680978	0.015131836934015154	0.010215467622037977	0.008967501062434166	0.0062627295099082405
A[T>G]A	0.008017977848649025	0.006866100213374011	0.0014671987676047138	0.0029819575026340315	0.0020883673901880683	0.005256387089539203	0.0009047349319916975	0.004890725810546428	0.003266322998046309	0.0038542680235696025
A[T>G]C	0.004175511456996901	0.0022132479674795147	0.0017517716976180964	0.000692898875058745	4.486191319301724e-06	0.0028470413026280995	0.00046221199286911486	0.003071606098819757	0.004065640923799947	0.000889057300050311
A[T>G]G	0.005817383987596259	0.004144150973443175	0.002887789981577953	0.0012099258968737558	0.007293195055099204	0.004029977455211338	0.0017061178495493578	0.006244615873438306	0.0022259947741822116	0.004366827349876985
A[T>G]T	0.005595559744688216	0.00403673537512077	0.00992239524552133	0.0005088526883264421	0.006165909000562806	0.0014425626855518203	0.0024093571960970904	0.0006962591925520201	0.034967037364840504	0.003527693236098708
C[C>A]A	0.004035222498350777	0.01350998287089169	0.04554508740082383	0.023730535451322796	0.013807957127282862	0.0187131320075423	0.002761313227418341	0.024484422621317208	0.0037526935653295367	0.009009597233089153
C[C>A]C	0.0028442504621216357	0.012707914517426389	0.010447809718898497	0.020076764253899454	0.0018456506593793165	0.02204100863309577	0.0012779042265074736	0.014079404140356928	1.5931291558191062e-09	0.014018635405227542
C[C>A]G	0.008263883157633245	0.0028909026813926176	0.0037166851878282616	0.0021404824627097698	0.0004407109826570377	0.0011000239312488702	0.004909468759433366	0.0009303186519537121	4.42392597327498e-09	0.0023431917917664303
C[C>A]T	0.00013504512957297266	0.011219911617517937	0.046111599449068306	0.05242362096905708	0.0054142847782304715	0.007619389899191447	0.0077426949233301914	0.024808637198875657	0.004001998487510718	6.462214372504604e-09
C[C>G]A	0.0020347583336373988	0.01120016434811987	0.006304055452346802	0.0016933172341668979	0.0017766925336650274	0.009777693568030371	0.0019251180794412903	0.010108269353513605	0.0017068395668329473	0.00017818775982509917
C[C>G]C	0.0021662597885733705	0.008302914767264157	0.0057251984617323615	0.0020691528646261757	0.0022068680444533584	0.006537332677980885	0.0011797845070270795	0.007231461684859823	0.0018591181442186233	0.0022365908990656536
C[C>G]G	0.008396798316389321	0.0014763137113914127	0.0006493586862688971	0.0003193566226536859	0.0015003731245610652	0.0010945729915057478	0.0021929769475612206	0.0026510743850667495	0.0006676261740552514	0.0009183252518434415
C[C>G]T	0.001472853466344759	0.013576984650571831	0.005727172461920418	0.004070488525230758	0.0031937063043312717	0.01432822508038953	0.0011568372203427657	0.007171831849555019	0.00495610331883654	3.7719822210249276e-05
C[C>T]A	0.01994879849255085	0.012505735688027925	0.01842775440774858	0.030173404458910227	0.028215689938515424	0.011624313773354515	0.016204773127101363	0.008611120116547681	0.003797365470090881	0.011209480137331411
C[C>T]C	0.019870011168532074	0.00851731773760548	0.010886241944972426	0.15383147016167642	0.005852506894946357	0.0025170423579402267	0.010721560475532214	0.005728296072920785	0.00416427684132941	0.0034788838378153743
C[C>T]G	0.023833824908360838	0.008412771844741007	0.011087335547199477	0.0066033995206451835	0.021464769305894152	0.014264997245918494	0.12286017142236233	0.019022990371449913	0.008767397430492565	0.0033883946750893302
C[C>T]T	0.018294432240072638	0.02383352012373507	0.0025833471145597286	0.12619397930800916	0.017694691391661764	0.01859575840877369	0.007955538229541837	0.015813117376819733	0.0070771769457496705	0.003920886690151519
C[T>A]A	0.002531288907272824	0.003340295772977697	0.0007264423443893864	0.03405506439507008	0.0014596858315053397	0.01372212662216043	0.00019347784225828946	0.006942343470216201	1.7823101527980611e-09	0.0037251029618202126
C[T>A]C	0.0036029457167023795	0.000843852318066638	0.0018583210030919872	0.026879665600135924	0.0015865418668545316	0.007888214683916886	0.0037654802203678627	0.014763859873055481	0.005095192169537768	0.024317292319610714
C[T>A]G	0.01626073776744306	0.004350841154227965	9.616939118131996e-05	0.03476666210219264	0.0023158310457074547	0.011217255925002974	1.246268197974132e-08	0.0044256435289662475	0.005789773520082236	0.005754316343042092
C[T>A]T	0.004267944069906662	0.0032674215963925234	0.0057106666696199685	0.04743748409673572	0.0016655737938708625	0.016346810271497817	0.003803924423882563	0.022073618792928754	0.022979373335838316	0.005553202950360401
C[T>C]A	0.031078628227114678	0.009576383153616917	0.00713564436766319	0.006011360248085112	0.00785877271759091	0.0066357599585281975	0.0007069926331163992	0.0027452749484655216	0.0029355327622033658	0.0006366839725694718
C[T>C]C	0.022279928689822554	0.010487167118990328	0.004735041396639581	0.007070426917598524	0.005253421160450671	0.014738163520814852	0.0016616345347574678	0.01336191515045357	0.02079619647935033	0.004242423610697869
C[T>C]G	0.03187760645523667	0.0080748360324651	0.006862299975691713	0.006613943269476294	0.008231416089547566	0.004616679662576644	0.0020684654627984855	0.0033994446994984173	0.014623131505213677	0.0
C[T>C]T	0.031457019075751304	0.003474673918135522	0.003507121703878511	0.010405945754610003	0.010418776667502244	0.00676948350388557	0.0006611865582681276	0.006509265181666706	0.09920133180916309	0.016416349741630257
C[T>G]A	0.005417442044708878	0.006425296233137487	0.0032356453662214335	0.002001136635080911	0.0015993972907827469	0.002351618716129451	0.0015518000978485703	0.0019277399026032072	0.005340144386282191	1.827446219238027e-08
C[T>G]C	0.004901685253717005	0.0010708282397536096	0.003999920484493487	0.0010341893342410912	0.001222203255201748	0.002769217289314838	0.0005562772548000794	0.000823789010028122	0.017887904429808258	0.003997305308294017
C[T>G]G	0.008648268035613001	0.004048602628972731	0.0013443748180240335	0.002234909829712706	0.005466245747567775	0.007317903014481999	0.0026827697836093022	0.005627337722253287	0.006905085805337876	6.861540815087607e-05
C[T>G]T	1.4640049787652061e-05	0.0027619357190070753	0.0003341172444863343	0.0020287578143975793	0.00016893846145079426	0.0024661929615152245	2.3449111148821178e-07	0.00566392234375634	0.25822756633162497	9.626483873148572e-08
G[C>A]A	0.009616589667275547	0.005180953650544532	0.06919387675821781	0.008307402575883315	0.007511609482965014	0.031940216895891355	0.007877347381145228	0.013528886463609524	0.0036791336501482874	0.005015030499416753
G[C>A]C	0.0009961018426110969	0.004790190541034068	0.011495846906902897	0.039987599523738024	0.002635341564327973	0.03591919449798297	0.00036688737533268067	0.0011845790842198766	0.0024255892023211344	0.0027473524455200503
G[C>A]G	0.008847951488569379	0.0018484118722335552	0.004157487743068487	0.0013801873075135517	0.0	0.00024091296594860978	0.0018875005964946467	0.0007152427561231888	1.5872602847633032e-08	0.0018258289257887129
G[C>A]T	0.005238491644850001	0.010679644820888602	0.0494513813406229	0.005294075200217776	0.005580167844043622	0.019477186710573732	0.0026605841704440535	0.0093526618173928	0.0030012391874333845	0.002460940601816901
G[C>G]A	0.005009556739823892	0.009703537624116194	0.0016273563832510263	0.0025099107704591008	0.002489505903213285	0.009794234365981537	0.0004848079607467071	0.0027160944573552115	0.001566666064631388	0.002467966745304011
G[C>G]C	0.009625254860147835	0.0038188368807205303	0.0015404966674731214	0.018500691985245794	0.00025087159927920054	0.011737848041084362	4.9535908146154386e-05	0.0018676714070295474	0.000639072979070503	5.999534561363262e-05
G[C>G]G	0.0032289720511471387	0.00044314762069470035	0.0007062108809714118	0.0006601578766166938	0.0005022446395797431	0.0005532062604018861	0.00025131937348749745	0.003797561144237989	3.081565654762031e-05	0.0027079782626951497
G[C>G]T	0.005142641086131335	0.006172333376598544	0.0007185567825763428	0.0033455940542626195	0.006256256231581574	0.010881616016849876	0.001785214039937273	0.006498569471586961	0.0010127001482003672	0.0018469687089050523
G[C>T]A	0.016659830273129048	0.023929759149905295	0.0069104512399644595	0.00954693513631355	0.012727494707796723	0.0275580158829689	0.01764879363356158	0.012195394091540947	0.00341249655932188	0.0022627553320376135
G[C>T]C	0.015414671124890447	0.015753517238772476	0.00833072718582116	0.01141951496945694	0.012782138728071005	0.017856988235143943	0.014502161133568734	0.008322024393273751	0.005406746767112054	0.0010287108650595656
G[C>T]G	0.009250647467852115	0.025486874544587517	0.0010573651859249367	0.007456753606093116	0.03464723282493651	0.005511124268377898	0.13693687237799168	0.019242898332886397	0.011759123178198933	0.01499573432840407
G[C>T]T	0.02716658530756831	0.01908840293879621	0.0037609765834349684	0.00836940963883535	0.003977204438124318	0.030340739525854588	0.009768468051770469	0.024109394080296623	0.0045035688148345795	0.003008572069830535
G[T>A]A	0.004484922282863409	0.0034798006136241865	0.0013832524520270796	0.004155973538290709	0.0027875640025740722	0.008919037566520273	0.0014650393412216545	0.004660285119475706	2.58470350102602e-05	0.00019554856903898355
G[T>A]C	0.002125219632871449	0.0014728971211343377	0.0008451207326714893	0.003870591023005545	0.0057999544305494055	0.003976401436084416	0.0007447024478544507	0.007163993212161586	0.0028083736349521615	2.1846381521584137e-08
G[T>A]G	0.009314280180260539	0.003126508448268055	0.00012903714672575007	0.0022173531993757933	0.0003982917233952321	0.00948281578719616	0.00033120331217034504	0.0029018102418922353	2.569474537583716e-09	0.016784248359035702
G[T>A]T	0.0027944931012461893	0.007474880366644356	0.00039206038731208535	0.0030095670739956402	0.006341733579902211	0.010271409619817859	0.002620964179397123	0.013073685863055289	0.0056575099180918185	0.0031851562820426694
G[T>C]A	0.01948343787509657	0.02079643983626738	0.00606322220293805	0.0017429295578040183	0.00927839800909112	0.011473955943947657	0.004112192213900165	0.0034329949651146306	0.008292585927993059	0.002387315567542316
G[T>C]C	0.018784428872168066	0.005900472851062659	0.002078370258241195	0.013561666049063205	0.002311887588839454	0.0035472527512320083	0.006489702077815309	0.007690617721236776	0.009919652449898422	0.0013726989274336176
G[T>C]G	0.018504089498892425	0.006709215458249674	0.0004979597079363897	0.0020747369714081286	0.00386688508457155	0.0031751592725049703	0.0036407787224743515	0.002812177713494748	0.00548346015275456	0.032166868597269055
G[T>C]T	0.03672593180090189	0.013462220240035095	0.006816133381798864	0.007052801399258897	0.009558724508387968	0.006500793335872004	0.007392218508175574	0.004290655525983312	0.008047587109031156	0.0022884219273691998
G[T>G]A	0.009040587949566543	0.001390085828033989	0.00011970358464168385	0.00040493745149568385	0.0019237048301147296	0.0027844987545540788	0.0011900202898939226	0.003169762352590624	0.0006294560894717094	4.124767015056818e-08
G[T>G]C	0.00485029851552099	0.00029716146766617157	0.0001724602383092133	0.002885757974581793	0.0013692909372639405	0.003232052106686183	0.000455864293449828	0.0013822593369695823	0.004842153554782271	5.4811688365852265e-08
G[T>G]G	0.009143910612910986	0.0016104169335449114	0.0013143407537427264	0.003126103268295992	0.0015853089094889582	0.004628340024355566	0.0025616500062052693	0.006533284250181169	0.0026856803998816757	0.001476693314438613
G[T>G]T	0.003679354052619601	0.007049796507199062	0.002892090230379836	0.0016099067024333636	0.004181405104948226	0.0025254153003879763	0.0008719582956191374	0.002743717635021312	0.06547071438282728	0.0005579680065724091
T[C>A]A	0.0038223534252756508	0.017401775516336784	0.06090781655162573	0.006953433317830786	0.019252117360010743	0.019180693808011712	0.0034856037668333983	0.013769901820633096	0.0037912824307568373	0.0013809055404263048
T[C>A]C	0.003422108948871028	0.013040982672246173	0.03243879338726401	0.012613947361242026	0.008279120706429239	0.024188615679740906	0.0010039801415472028	0.013230180058155839	0.0058117393567226824	1.6446622908006249e-09
T[C>A]G	0.0029643964185379445	0.0016449229618115168	0.0062285326397977766	0.00018602330276735302	0.0022831833546297278	0.001943053817594773	0.0005620931389660555	0.0007133628824522021	1.0607168674514611e-08	7.672775229228268e-08
T[C>A]T	0.0009833266889475534	0.015324483559525107	0.10670373737812042	0.014773058579303324	0.03402518279850483	0.012437298425065819	0.003690624252377006	0.03204911592416465	0.00740111930295825	0.008067058979287936
T[C>G]A	0.00519526432530256	0.02662670220248401	0.005011484913161541	0.005791642074473202	0.03339574988000095	0.004200841148389687	0.0021135798157592943	0.00672395423767739	0.003619171157479286	0.0020299240753507775
T[C>G]C	0.005345979387057014	0.01470322493230924	0.006163898213417269	0.002966263397829607	0.01612588424002752	0.005549610546149779	0.0023196911546721566	0.0036792725819532277	0.0016811459027849195	0.0025420912627305368
T[C>G]G	0.0045558040216565135	0.0011320155837543666	0.0009995997638716472	0.0004916550871680418	0.0015712380556942662	0.0015363887443527347	0.0018329363082467153	0.001890508522210439	0.0008251494833289464	0.001408981098535107
T[C>G]T	0.002617701438430231	0.042645533111236	0.017736112044988202	0.011024696961976587	0.0470026816893369	0.011061717406854053	1.3864963548257948e-05	0.017656253186287357	0.0018561259407021392	0.0069927479295725445
T[C>T]A	0.010574050680734217	0.01835983250406571	0.024988230385351928	0.0020922915740811733	0.09702667441219091	0.0153762481512969	0.005510569411219138	0.01477197959611658	0.0042874048178782685	0.00439788194657595
T[C>T]C	0.014940177055541426	0.010456714378233317	0.011828230186074507	0.011439644173951819	0.0671917873993516	0.022504512041341514	0.01116824158874806	0.010246770365629345	0.004117894967785105	0.009969825195148586
T[C>T]G	0.011223404979100451	0.01278306044274359	0.0063853454199852425	0.002292235917029757	0.017563964363653213	0.006233744690543972	0.09339091792702675	0.020098434798419475	0.007189126960001886	0.009709565691882744
T[C>T]T	0.01529124023138138	0.022080726460553705	0.012345346948059159	0.01647376605775207	0.10313096694648266	0.017902957147972257	0.00637005935102934	0.023448229115456343	0.007101057610108688	0.005971911440485656
T[T>A]A	0.0012217118771513924	0.012757281122770754	0.006954389681068278	0.005837681475053711	0.008346458280602747	0.00977961253549438	0.004214360498488077	0.004919232314573491	0.007055390930036083	0.14844330847263337
T[T>A]C	0.0013539693340817393	0.006045607255182404	0.0048634887306252495	0.001979720696908771	0.002844887144931363	0.012006926763569936	0.000549505790212379	0.010795422936207616	0.0038046090518462526	0.003277012188903589
T[T>A]G	0.006487987418659032	0.004779692685551709	0.0013357266907769371	0.002353205387335038	0.002395881129195914	0.007889089788368437	0.002243145518029905	0.005263355570969663	0.001476143152648568	0.0025293149289452544
T[T>A]T	0.0014608393186790686	0.009182920764869778	0.006701966082873696	0.007112510201113764	0.009496762061265283	0.0236053021857515	0.008637835744072515	0.024255977266002447	0.01086153123760596	0.08021352473646402
T[T>C]A	0.02121478449553251	0.03164169423980638	0.012597384629771113	0.004464192002487834	0.009814885814631651	0.007839210886741057	0.0035332246813004533	0.011160408977011683	0.0052343527437187735	0.0035804658437710657
T[T>C]C	0.03493926951661706	0.014034655575524085	0.0010465781836636787	0.004244920516526635	0.013988710470148363	0.007712228429074201	0.0036699467868169223	0.01295366943702494	0.010024139694869517	0.014860400683246552
T[T>C]G	0.019000693820416928	0.005945262229943182	0.0027752024937944954	0.001415561605244875	0.00925446427136194	0.0021609150358091254	0.0013097124023107654	0.007771954793715849	0.004256396559649147	0.004555684106308035
T[T>C]T	0.03152320745401085	0.015351222745375709	0.0081967940529175	0.009359309610445052	0.014016516554402187	0.004072933806810572	0.0005614748393418517	0.0025254245836110554	0.012984024565666915	0.1359791499376297
T[T>G]A	0.00975963557139039	0.01029589501733426	0.005180189211387187	0.002714413503126707	0.0012169729672314134	0.007598491137959513	0.0006466550222825162	0.002146140020049643	0.0075671322760172185	0.0015995566567448094
T[T>G]C	0.008518003462813794	0.004940594212966971	0.0035613077812013216	0.00012661932456467184	0.0016119731520176117	0.0018739687492052325	0.0010461232835196198	0.0020128111227677437	0.004873964030994102	0.0012515127135431924
T[T>G]G	0.014086813991889357	0.0047959517926210535	0.006924202688969672	0.00311773620051099	0.007460384281584993	0.004016112271638121	0.002096300302364398	0.007867390853934921	0.005105665765004232	0.0019147637716966414
T[T>G]T	0.003979271741918637	0.01728608513760264	0.009330227666068822	0.002930053495801985	0.00850530815514503	0.0038322351298984364	0.0035731724255549744	0.0071921276132343335	0.0786758804321289	0.07391709141433239
