MutationType	SBS96A	SBS96B	SBS96C	SBS96D	SBS96E	SBS96F	SBS96G	SBS96H	SBS96I
A[C>A]A	2.91E-04	9.64E-04	4.82E-04	1.99E-03	2.44E-03	2.55E-04	5.87E-04	1.96E-03	7.97E-04
A[C>A]C	4.32E-04	7.65E-04	3.36E-04	1.04E-03	1.50E-03	9.26E-04	4.69E-04	9.32E-04	4.36E-04
A[C>A]G	5.25E-05	1.13E-04	2.13E-04	4.34E-04	4.64E-04	1.52E-04	9.97E-05	3.86E-04	1.59E-04
A[C>A]T	2.91E-04	5.25E-04	2.91E-04	1.26E-03	1.91E-03	8.59E-04	2.95E-04	1.38E-03	4.94E-04
A[C>G]A	1.98E-04	3.51E-04	5.85E-04	6.60E-04	1.31E-03	7.80E-04	4.21E-04	7.07E-04	2.74E-04
A[C>G]C	5.42E-05	1.56E-04	2.01E-04	3.63E-04	7.59E-04	5.03E-04	3.15E-04	5.51E-04	2.56E-04
A[C>G]G	6.95E-05	2.34E-04	1.87E-04	6.00E-04	6.14E-04	3.45E-05	3.05E-04	6.49E-04	1.05E-04
A[C>G]T	3.33E-05	3.23E-04	1.71E-04	8.47E-04	9.94E-04	7.51E-04	2.13E-04	8.36E-04	2.93E-04
A[C>T]A	2.83E-04	5.24E-04	7.95E-04	1.47E-03	2.19E-03	1.09E-03	6.60E-04	1.35E-03	6.86E-04
A[C>T]C	1.86E-04	7.41E-04	3.79E-04	1.32E-03	1.63E-03	9.46E-04	4.48E-04	6.56E-04	5.07E-04
A[C>T]G	3.18E-04	5.96E-04	4.69E-04	1.80E-03	1.59E-03	1.66E-04	1.91E-03	4.18E-04	5.03E-04
A[C>T]T	1.50E-04	9.38E-04	2.95E-04	1.44E-03	1.37E-03	1.03E-03	6.28E-04	1.18E-03	5.41E-04
A[T>A]A	2.44E-04	5.98E-04	3.76E-04	8.52E-04	9.30E-04	3.63E-04	4.46E-04	8.51E-04	1.95E-04
A[T>A]C	1.88E-04	4.65E-04	1.90E-04	3.69E-04	6.00E-04	5.89E-04	2.46E-04	4.41E-04	8.07E-05
A[T>A]G	1.29E-04	4.55E-04	2.50E-04	5.55E-04	5.36E-04	6.55E-04	3.14E-04	5.29E-04	1.56E-04
A[T>A]T	2.95E-04	3.46E-04	5.78E-04	1.09E-03	1.15E-03	7.79E-04	6.37E-04	9.22E-04	5.27E-04
A[T>C]A	2.60E-04	7.68E-04	5.23E-04	1.55E-03	1.30E-03	9.92E-04	5.33E-04	1.25E-03	4.50E-04
A[T>C]C	1.37E-04	4.60E-04	2.93E-04	1.16E-03	1.04E-03	5.55E-04	3.79E-04	4.59E-04	3.48E-04
A[T>C]G	1.55E-04	4.52E-04	3.40E-04	1.53E-03	8.69E-04	3.30E-04	5.33E-04	1.03E-03	2.52E-04
A[T>C]T	1.96E-04	6.80E-04	3.45E-04	1.16E-03	1.18E-03	7.11E-04	4.92E-04	8.92E-04	5.80E-04
A[T>G]A	1.98E-04	2.92E-04	2.81E-04	5.04E-04	5.73E-04	4.14E-04	2.86E-04	4.14E-04	1.49E-04
A[T>G]C	7.62E-05	1.00E-04	1.50E-04	4.63E-04	3.42E-04	3.51E-04	1.43E-04	3.12E-04	1.82E-04
A[T>G]G	1.14E-04	2.73E-04	2.24E-04	5.41E-04	5.73E-04	4.53E-04	7.26E-05	2.80E-04	2.76E-04
A[T>G]T	9.06E-05	1.13E-04	4.14E-05	5.83E-04	4.30E-04	3.97E-04	1.06E-04	4.70E-04	6.29E-04
C[C>A]A	3.27E-04	9.05E-04	4.11E-04	1.17E-03	1.36E-03	3.15E-04	4.71E-04	1.06E-03	6.06E-04
C[C>A]C	3.56E-04	8.54E-04	4.03E-04	6.94E-04	1.29E-03	8.90E-04	2.75E-04	9.23E-04	4.10E-04
C[C>A]G	1.32E-04	9.99E-05	1.67E-04	3.65E-04	4.10E-04	1.01E-04	5.08E-05	4.32E-04	1.79E-04
C[C>A]T	7.30E-04	1.68E-03	3.24E-04	1.63E-03	2.03E-03	1.09E-03	4.61E-04	1.65E-03	6.38E-04
C[C>G]A	1.21E-04	4.45E-04	5.09E-05	5.22E-04	6.20E-04	4.71E-04	2.17E-04	4.13E-04	3.27E-04
C[C>G]C	8.13E-05	3.24E-04	2.12E-04	3.10E-04	4.72E-04	4.82E-04	1.38E-04	2.20E-04	2.70E-04
C[C>G]G	4.03E-05	5.94E-05	8.94E-05	2.09E-04	2.42E-04	1.13E-04	1.31E-04	2.16E-04	1.98E-04
C[C>G]T	1.48E-04	2.77E-04	7.36E-05	8.25E-04	6.54E-04	2.86E-04	3.39E-04	4.08E-04	2.92E-04
C[C>T]A	4.00E-04	1.55E-04	4.14E-04	1.45E-03	1.69E-03	9.43E-04	6.97E-04	1.21E-03	4.53E-04
C[C>T]C	1.51E-03	1.22E-03	5.08E-04	9.63E-04	9.98E-04	1.36E-03	3.51E-04	7.53E-04	5.06E-04
C[C>T]G	2.76E-04	1.98E-04	5.85E-04	2.11E-03	1.57E-03	3.66E-04	1.49E-03	9.55E-04	7.58E-04
C[C>T]T	1.06E-03	1.29E-03	4.86E-04	9.00E-04	9.12E-04	1.32E-03	7.87E-04	6.20E-04	5.47E-04
C[T>A]A	4.61E-04	7.29E-04	9.68E-05	5.48E-04	7.01E-04	1.41E-04	2.06E-04	4.44E-04	1.88E-04
C[T>A]C	4.65E-04	6.19E-04	3.76E-04	5.82E-04	7.61E-04	5.17E-04	1.90E-04	5.22E-04	3.63E-04
C[T>A]G	6.35E-04	1.05E-03	2.53E-04	6.26E-04	9.84E-04	3.69E-04	1.39E-04	2.38E-04	3.20E-04
C[T>A]T	7.47E-04	1.16E-03	1.97E-04	6.32E-04	9.33E-04	2.92E-04	2.58E-04	2.53E-04	6.54E-04
C[T>C]A	1.84E-04	4.82E-04	2.92E-04	6.57E-04	1.28E-03	8.63E-04	3.61E-04	6.67E-04	3.37E-04
C[T>C]C	2.43E-04	6.45E-04	2.39E-04	1.10E-03	1.54E-03	6.84E-04	3.70E-04	7.05E-04	6.17E-04
C[T>C]G	2.27E-04	5.26E-04	1.89E-04	8.33E-04	8.06E-04	4.45E-04	2.77E-04	5.93E-04	3.57E-04
C[T>C]T	3.05E-04	8.17E-04	4.40E-04	8.19E-04	1.07E-03	6.34E-04	3.20E-04	8.48E-04	1.15E-03
C[T>G]A	8.43E-05	3.41E-04	1.78E-05	3.08E-04	2.84E-04	1.08E-04	1.36E-04	2.01E-04	2.70E-04
C[T>G]C	8.05E-05	1.84E-04	1.55E-04	3.14E-04	3.41E-04	1.01E-04	1.52E-04	1.90E-04	3.34E-04
C[T>G]G	3.92E-05	4.14E-04	7.66E-05	4.51E-04	4.84E-04	3.88E-04	2.40E-04	3.25E-04	3.30E-04
C[T>G]T	3.27E-05	2.96E-04	6.60E-08	3.53E-04	2.72E-04	2.08E-08	1.26E-04	2.18E-07	1.42E-03
G[C>A]A	3.79E-04	1.30E-03	4.05E-04	1.69E-03	1.66E-03	3.93E-04	5.27E-04	1.76E-03	5.09E-04
G[C>A]C	7.89E-04	1.54E-03	9.47E-05	3.72E-04	1.14E-03	5.89E-04	1.08E-04	9.49E-04	1.56E-08
G[C>A]G	1.31E-09	1.36E-04	2.86E-04	4.03E-04	4.22E-04	9.69E-05	3.17E-05	2.40E-04	7.93E-05
G[C>A]T	2.58E-04	7.55E-04	2.99E-04	1.16E-03	1.32E-03	5.52E-04	4.28E-04	1.21E-03	1.39E-04
G[C>G]A	1.13E-04	4.09E-04	2.30E-04	4.47E-04	6.04E-04	5.07E-04	5.57E-05	3.66E-04	3.01E-04
G[C>G]C	3.50E-04	6.87E-04	1.21E-04	3.84E-04	3.38E-04	6.13E-04	2.11E-04	3.98E-04	2.03E-04
G[C>G]G	8.22E-10	1.43E-04	1.09E-04	1.78E-04	2.34E-04	1.41E-04	7.32E-05	2.19E-04	8.66E-05
G[C>G]T	1.47E-04	5.21E-04	4.91E-05	3.68E-04	3.51E-04	5.88E-04	2.68E-05	2.67E-04	3.01E-04
G[C>T]A	2.69E-04	8.29E-04	2.06E-04	1.31E-03	9.88E-04	7.09E-04	5.19E-04	8.73E-04	5.72E-04
G[C>T]C	2.48E-04	1.24E-03	4.07E-04	1.35E-03	1.03E-03	9.91E-04	5.24E-04	1.04E-03	4.61E-04
G[C>T]G	2.90E-04	5.79E-04	6.23E-04	1.22E-03	1.31E-03	3.16E-04	1.35E-03	4.65E-04	4.32E-04
G[C>T]T	2.52E-04	1.13E-03	4.12E-04	1.22E-03	1.34E-03	9.23E-04	6.76E-04	5.92E-04	4.95E-04
G[T>A]A	9.90E-05	5.62E-04	1.28E-04	7.86E-04	5.40E-04	2.85E-04	2.93E-04	3.20E-04	2.61E-04
G[T>A]C	1.47E-04	3.54E-04	1.19E-04	4.22E-04	4.47E-04	4.63E-04	6.63E-05	2.36E-04	2.64E-04
G[T>A]G	1.81E-04	4.44E-04	4.63E-04	3.59E-04	5.09E-04	4.07E-04	5.32E-05	3.30E-04	4.06E-05
G[T>A]T	2.03E-04	5.70E-04	3.27E-04	7.48E-04	8.25E-04	5.63E-04	2.74E-05	5.54E-04	4.31E-04
G[T>C]A	7.91E-05	7.55E-04	2.75E-04	1.06E-03	8.50E-04	7.56E-04	4.34E-04	6.07E-04	3.29E-04
G[T>C]C	1.67E-04	6.77E-04	1.96E-04	7.33E-04	7.84E-04	6.77E-04	2.91E-04	6.64E-04	4.36E-04
G[T>C]G	1.28E-04	3.49E-04	4.64E-04	6.62E-04	8.01E-04	4.44E-04	2.77E-04	4.13E-04	3.92E-04
G[T>C]T	1.56E-04	8.46E-04	2.51E-04	1.16E-03	8.82E-04	8.74E-04	4.42E-04	6.94E-04	5.12E-04
G[T>G]A	9.88E-05	2.14E-04	1.46E-04	5.13E-04	4.23E-04	3.78E-04	1.71E-04	1.84E-04	2.09E-04
G[T>G]C	1.65E-04	2.53E-04	5.40E-05	3.16E-04	2.38E-04	1.51E-04	5.07E-05	2.18E-04	1.95E-04
G[T>G]G	1.11E-04	3.78E-04	2.98E-04	4.68E-04	6.92E-04	4.86E-04	1.56E-04	2.86E-04	3.42E-04
G[T>G]T	6.83E-05	1.73E-04	2.19E-04	7.10E-04	4.33E-04	2.43E-04	2.52E-04	3.53E-04	7.19E-04
T[C>A]A	2.67E-04	8.54E-04	3.36E-04	1.89E-03	1.70E-03	3.20E-04	6.12E-04	1.72E-03	5.85E-04
T[C>A]C	3.04E-04	6.41E-04	1.04E-04	1.28E-03	9.82E-04	7.52E-04	5.31E-04	1.11E-03	3.37E-04
T[C>A]G	9.86E-10	5.78E-05	1.83E-04	3.60E-04	3.62E-04	1.23E-04	2.48E-04	3.52E-04	3.21E-05
T[C>A]T	4.87E-04	7.61E-04	2.79E-04	3.22E-03	1.88E-03	7.04E-04	7.79E-04	2.61E-03	9.04E-04
T[C>G]A	1.73E-04	5.17E-04	3.81E-04	1.45E-03	9.66E-04	9.12E-04	5.65E-04	1.05E-03	2.89E-04
T[C>G]C	1.86E-04	4.84E-04	1.13E-04	8.20E-04	7.00E-04	9.45E-04	4.65E-04	7.46E-04	3.17E-04
T[C>G]G	8.31E-10	1.20E-04	1.17E-04	2.59E-04	3.74E-04	4.58E-04	3.46E-05	2.87E-04	4.60E-05
T[C>G]T	3.72E-04	7.19E-04	3.44E-04	2.30E-03	1.43E-03	6.92E-04	7.98E-04	1.80E-03	5.70E-04
T[C>T]A	3.78E-04	5.87E-04	5.48E-04	2.58E-03	1.91E-03	5.43E-04	7.24E-04	2.08E-03	6.34E-04
T[C>T]C	4.18E-04	1.01E-03	6.41E-04	2.45E-03	1.58E-03	8.83E-04	7.77E-04	1.48E-03	5.74E-04
T[C>T]G	1.57E-04	4.64E-04	5.52E-04	1.16E-03	1.11E-03	1.67E-04	1.15E-03	8.40E-04	2.06E-04
T[C>T]T	3.79E-04	1.06E-03	6.61E-04	2.14E-03	1.52E-03	1.09E-03	8.77E-04	2.03E-03	8.67E-04
T[T>A]A	3.99E-04	8.92E-04	9.32E-04	1.08E-03	1.65E-03	8.40E-04	5.71E-04	9.50E-04	4.43E-04
T[T>A]C	7.08E-05	6.03E-04	2.18E-04	9.15E-04	8.76E-04	5.12E-04	3.41E-04	4.27E-04	3.56E-04
T[T>A]G	8.94E-05	4.57E-04	2.41E-04	5.42E-04	6.52E-04	5.34E-04	2.37E-04	3.18E-04	2.35E-04
T[T>A]T	3.46E-04	7.49E-04	8.91E-04	1.25E-03	1.42E-03	7.66E-04	4.47E-04	7.25E-04	7.90E-04
T[T>C]A	1.03E-04	8.05E-04	3.31E-04	1.25E-03	1.05E-03	9.50E-04	3.77E-04	1.28E-03	3.87E-04
T[T>C]C	1.55E-04	5.61E-04	3.24E-04	8.78E-04	1.08E-03	6.19E-04	4.55E-04	6.58E-04	5.12E-04
T[T>C]G	5.60E-05	4.53E-04	3.31E-04	9.07E-04	9.46E-04	3.20E-04	3.70E-04	6.95E-04	1.36E-04
T[T>C]T	4.80E-04	9.08E-04	1.19E-03	1.03E-03	1.73E-03	1.08E-03	4.35E-04	9.90E-04	4.63E-04
T[T>G]A	1.53E-04	4.68E-04	2.67E-04	8.34E-04	5.71E-04	4.33E-04	1.29E-04	6.88E-04	3.26E-04
T[T>G]C	1.20E-04	2.40E-04	1.07E-04	5.31E-04	3.41E-04	1.92E-04	1.98E-05	4.24E-04	2.39E-04
T[T>G]G	1.65E-04	5.23E-04	1.50E-04	7.34E-04	7.65E-04	4.13E-04	2.00E-04	7.34E-04	2.56E-04
T[T>G]T	3.25E-04	3.08E-04	7.27E-04	1.57E-03	6.62E-04	1.24E-04	1.58E-04	9.52E-04	7.88E-04
