MutationType	SBS96A	SBS96B	SBS96C	SBS96D	SBS96E	SBS96F	SBS96G	SBS96H	SBS96I
A[C>A]A	0.005101951527467463	0.01412702294124756	0.007253790644390392	0.02450902950720149	0.038172295576332546	0.0013401501578118769	0.004528163031645818	0.03705380194354802	0.02491920885629952
A[C>A]C	0.021240664692595602	0.013414132417819928	0.003817691538351937	0.007588820742967073	0.02416507195099257	0.019565126397646963	0.012482724383007735	0.009709579486516304	0.008310943819233217
A[C>A]G	0.00042397012253125865	0.0005929334652633856	0.004228497599825971	0.0026855372612983	0.0034068818578150226	0.000927702107365862	0.0007381394339364534	0.0026490648085441748	0.0009273984894204545
A[C>A]T	0.011803089287132024	0.004613855571737986	0.0024007386420817054	0.014504381871665828	0.025419400688431324	0.01652724005864002	0.0014269791090623584	0.02639113191049546	0.010632120238067273
A[C>G]A	0.008587803952395915	0.003541728238618589	0.03430083735845983	0.003967943928728346	0.018609745183493943	0.012862638013903051	0.004016074404080472	0.006118624365069536	0.0020148232889187056
A[C>G]C	0.0003997960228298325	0.0007272964748631239	0.0021026081407543866	0.002734153322748405	0.007669580831134226	0.009802642915165052	0.004088199440757307	0.00716494214835393	0.002563854804129022
A[C>G]G	0.0007668404618618751	0.0018157740684797829	0.0014700985190472693	0.0044715674212186226	0.005268689715488648	5.990063782284949e-05	0.0031069288230409597	0.0036636593296167064	0.00036946282402780637
A[C>G]T	0.0001771927454683464	0.0028946999935783426	0.0012112042325043149	0.009602637359999165	0.01633646501703282	0.019030215153470635	0.0013647314727353432	0.01416647463001766	0.00266827702055366
A[C>T]A	0.00946415840066038	0.003543873329294911	0.07878985721617937	0.015269055892149481	0.04198222847539	0.03949773130938411	0.017336182573344558	0.02217677005028376	0.010487082223407924
A[C>T]C	0.004854961473611184	0.015379568407661281	0.005300556699912704	0.011845288429578887	0.022259667863690994	0.02826344414614141	0.005233194317238406	0.00496656014904147	0.008874667710042559
A[C>T]G	0.0033299942704053363	0.004494661514654226	0.0031377968646017964	0.00994531951372391	0.013312376414235131	0.0007563652638409417	0.20710124000906943	0.0019206306868966294	0.004025385249204234
A[C>T]T	0.001442194070550613	0.015035091396424203	0.0027442852958483852	0.021839238604297862	0.021148484860459574	0.028309939878527077	0.02218601279426366	0.020179530431050807	0.0077815561999585725
A[T>A]A	0.00358292203527526	0.01573548422427848	0.012999983546324074	0.0072998073775372065	0.010042969282221748	0.0023144621124811236	0.008103359881113761	0.010913223581737838	0.0014468190257321111
A[T>A]C	0.006989607664290815	0.008207706078246701	0.002584665468602907	0.0027245411979370717	0.005097164428102588	0.014122589298058302	0.0022919827936777894	0.0038238602825819614	0.0002013043381406021
A[T>A]G	0.0017766019275586586	0.01113333148881793	0.004017488441932073	0.003911938866691003	0.005157489381963469	0.017527120176237077	0.0037538319050155946	0.005844966075128469	0.0009722518972480998
A[T>A]T	0.009507321959827095	0.0020639409955765585	0.020249647297896446	0.009405520730942953	0.012182585228365496	0.01785504783503711	0.022922917478717865	0.009764469875226495	0.012221645570825786
A[T>C]A	0.006811459033051506	0.013023876575462055	0.03273735985159874	0.02428604029584676	0.015170801294443663	0.029793037674389778	0.013897746499860659	0.01578346213389069	0.007189594330266118
A[T>C]C	0.0018784797088301276	0.007696622228249908	0.003633509741398484	0.01115074623052351	0.01706786221009679	0.0048858288112387524	0.0055972463238640555	0.0036947315084398724	0.0038281751826571052
A[T>C]G	0.0017376978132961085	0.00527091819783891	0.0033377743055393694	0.017773429176886565	0.009357131812575971	0.0005775747143187004	0.015039990665391087	0.012037570247193798	0.002118634620933335
A[T>C]T	0.003349123509542551	0.014297687340222182	0.005097176122071687	0.014767765035717952	0.01720726249739528	0.022234905511140823	0.008217301444965415	0.01466344968881458	0.020432564401999115
A[T>G]A	0.0061205991811584684	0.0032100028058084716	0.005471463204594329	0.00455925650516292	0.0047217176773119715	0.009332558162277564	0.004778636062692385	0.00238557820324786	0.0007050058787692137
A[T>G]C	0.0008694441491388715	0.000458264702166673	0.001341128953039572	0.004294534442672102	0.0021343561422971597	0.004657564211229328	0.0008440188321763742	0.0027960069236613095	0.002070654280638422
A[T>G]G	0.002430480875191279	0.00462618671816017	0.003953640479594469	0.0035081807348258565	0.005108416109849827	0.009323877580463887	0.0003313608970211135	0.0021842302236473187	0.00610329705523327
A[T>G]T	0.0008537778949903441	0.0005439617479873959	0.00014514533395413348	0.007835636062288813	0.003303419668915383	0.006202131911977631	0.0005371307835007144	0.006953188334184688	0.027474436815828084
C[C>A]A	0.009719517154153437	0.02692319393157959	0.0075360798121255354	0.0221944382385675	0.024735372469294817	0.0026892226689960805	0.005174516823858539	0.039650049349293115	0.013353544571436941
C[C>A]C	0.013996857898309827	0.01764297776389867	0.01652377314865589	0.00308770010842218	0.011899487494324602	0.015721325620543212	0.0027009338320931418	0.008330226109765136	0.0071248165238648655
C[C>A]G	0.002053789754232582	0.0005363192086947777	0.0025180838265805505	0.002977748138965666	0.003233186331474087	0.0002108390748844613	0.00011373883500837679	0.006056638183183863	0.0015959858213989264
C[C>A]T	0.03232515295036137	0.019367551457053198	0.0026966496305249167	0.0111371876890189	0.017406302017870984	0.012256140402751043	0.0055912030941181	0.021503901174874045	0.013691519793355837
C[C>G]A	0.0014529539537761593	0.005891218001675042	0.0001716525399071145	0.004165273330301318	0.006757751733246096	0.006634217797254678	0.00223870533513967	0.0027702470133408497	0.007034310225145645
C[C>G]C	0.000912616366078609	0.004840797695687797	0.004394744340097532	0.001795281457530109	0.0046799992044725515	0.008901983869727702	0.0009382828061490045	0.0009015847579576075	0.005117437467415584
C[C>G]G	0.0003326975089284545	0.00028738477936585127	0.0006671379193458904	0.0012363868930277278	0.0019969299619629053	0.0008549704234512135	0.001410887793753517	0.0020153801712261554	0.0036723708958015778
C[C>G]T	0.004261777886422351	0.0030944598815790415	0.00034769048244925215	0.010377353588675788	0.007317034498337307	0.0020138677867362277	0.004893317663957646	0.0036577425738505555	0.004094600914322654
C[C>T]A	0.031613055970519784	0.00034995543624972926	0.006720612184435595	0.0185851667051611	0.026851178569631883	0.02879645295441151	0.014966499829897657	0.02135687240137486	0.005927356764441356
C[C>T]C	0.15564816027879716	0.004270004777163763	0.006492883518903909	0.0057695029302742284	0.005293320659677078	0.016879474811433967	0.0017944248836090537	0.004726515702594098	0.0030653568784481423
C[C>T]G	0.00692805675091222	0.0007617962098447606	0.010449628800184385	0.024015578832590735	0.010874005795631091	0.0047630690111509465	0.10567226288840174	0.0078004338748417015	0.01635272246261593
C[C>T]T	0.12973239727318286	0.009963056601473032	0.014506116246338933	0.008678125704755076	0.005572790231235558	0.03131980730977375	0.010101652799344265	0.004135016887353231	0.009282752191647887
C[T>A]A	0.03417899584397674	0.01639027349423472	0.0004044736110614622	0.005078962521835706	0.004326136195869372	0.0007035234764407505	0.0015499848525795457	0.002584683375344241	0.0012504414760644523
C[T>A]C	0.02965558836236596	0.005671749151579775	0.015223690695129334	0.003911085803329115	0.00805658029520771	0.006074705989449285	0.0009899865833335752	0.0047576033798373465	0.005631923170959681
C[T>A]G	0.03456389037892223	0.02295491543218077	0.003602203668809807	0.003834360260365284	0.006000839722046294	0.003645850325701758	0.0006873704035753325	0.0014667925298914497	0.003587016880000249
C[T>A]T	0.05154331773519516	0.030458674966357648	0.001346341476771613	0.0028882523833817686	0.007108349568322301	0.0015347950837167445	0.001928830441652849	0.0004803201310539862	0.02842097546905279
C[T>C]A	0.004916721120825969	0.005439326139191406	0.0033653640381089644	0.004314225437129835	0.018587482591137815	0.023772796555422245	0.0038578001274149187	0.005841486223729362	0.003541771858545246
C[T>C]C	0.010133704985491931	0.008379610490228515	0.002230080068729876	0.008322554379142276	0.024824641719460486	0.008061516516445408	0.0036490247915469355	0.008253389899618924	0.022678822316229343
C[T>C]G	0.005843695852672681	0.00595573028051092	0.0014282317809556843	0.010149588825365754	0.011605481975711882	0.003338460015000351	0.002757188137930484	0.005190202593803405	0.009197315287892707
C[T>C]T	0.01188346250448376	0.012668310591220689	0.01250426253536716	0.005730704496094745	0.011092173949393783	0.014442120444728061	0.0025245590310838894	0.007896228112949757	0.09463555596768856
C[T>G]A	0.001440122402709676	0.006700446554696384	3.857562237385537e-05	0.002355968079049404	0.0016813667123995657	0.0003513986058676721	0.0013328605067802358	0.0013659187464006095	0.00464235383347841
C[T>G]C	0.0010185575282230274	0.001584193525873161	0.0017317547484526586	0.002603476072204103	0.0023316099909962418	0.0001921876083447671	0.000864158063553404	0.0012836835743437547	0.01061277234228328
C[T>G]G	0.0002575510317547014	0.01156740490347147	0.0003527057527571761	0.0028632222600822386	0.005800620475888536	0.004725548463038649	0.003279274729554089	0.00181205103063661	0.00629519048408838
C[T>G]T	0.00015610297602813627	0.0010957423021381628	1.666979818537584e-07	0.000954865085176202	0.0005356779936009559	6.215340227558319e-08	0.0002625305527726596	8.151633157638116e-07	0.1551400176435709
G[C>A]A	0.014222688367590308	0.029514257637783883	0.005232447881717235	0.02284014392504787	0.026675156073761173	0.0017893674552033189	0.005311444755388948	0.05317438940517604	0.010250330125563778
G[C>A]C	0.041822926346212624	0.04844455919228494	0.00032083866026368926	0.0017786051337330393	0.0074723037747960585	0.005612199303881198	0.00033568040731097427	0.014927155281839077	1.5585972050757846e-08
G[C>A]G	3.1784362874986983e-09	0.0007416510843415125	0.007269084467552602	0.0025840962608081244	0.0037451031343338492	0.00034173519474705927	9.372772855705592e-05	0.0015125305421672408	0.0003661948531544468
G[C>A]T	0.007071179137565196	0.013076026970520642	0.0026480380623252133	0.01494361421688943	0.012326388075841806	0.01131506214151159	0.004153242259053514	0.04305154023692012	0.0006188899178596355
G[C>G]A	0.0019835313176736237	0.009451790012972196	0.0030386964266313045	0.0031491442607651265	0.008708889498420547	0.00645531389513053	0.00020493140514759033	0.0031017474194015905	0.004106229657327276
G[C>G]C	0.015864848690107465	0.018483979097218252	0.0009353121605545311	0.0014878098797414196	0.001627098722138669	0.009283711335156113	0.0019768852822517145	0.0020745334357650334	0.0021554661588015734
G[C>G]G	1.4703912309954604e-09	0.0012737676978649404	0.001061975563255828	0.0010860567964816425	0.00128608820439851	0.0015413194022725917	0.00042077738366842255	0.0012903640976480802	0.0004900275232589735
G[C>G]T	0.003621425694145728	0.01467459462583065	0.0001761219786823176	0.002267929822055521	0.002288588864408325	0.010748752506265192	7.329196472298349e-05	0.0013551666598628743	0.005324886840480758
G[C>T]A	0.009578147069551051	0.037056213226169345	0.0010637112923087063	0.020249533555470406	0.011107082997263547	0.009890939754986902	0.007859963542377954	0.010923095750622452	0.013389256248556193
G[C>T]C	0.006807383059640415	0.03234864602098241	0.006744833799311891	0.012695386843988672	0.00937896262644017	0.024236282621277496	0.008540216871956545	0.00918108701822348	0.004756969067966565
G[C>T]G	0.003939280250633601	0.00827846204819254	0.027854548860341312	0.006412237773242776	0.008361304222466885	0.003100610802439405	0.12815031319856643	0.0013396882950793998	0.0022013019412103403
G[C>T]T	0.006913225380703807	0.03885899757966399	0.007870162995095598	0.007826728536747396	0.015401895294198767	0.02966566082788631	0.0144857969856821	0.002584081329819128	0.00728691581171006
G[T>A]A	0.0014190677267470165	0.018326442290563138	0.0009899594158889614	0.005815806245337853	0.0051836189195591945	0.0015815296782094633	0.0027641495001714134	0.0019947159019343985	0.002171904196103469
G[T>A]C	0.004093205108074471	0.004696012941699621	0.0007919562203426266	0.0032587379168552387	0.0038583711154933555	0.013042594604194165	0.00017817758618207335	0.0009977195647121562	0.00428177694472879
G[T>A]G	0.005457210645545274	0.009718268541328144	0.022852653125301003	0.0015267905297861972	0.0027541196493835684	0.005502996706636623	0.00020254153913382034	0.002111245081432571	0.00011796864407301655
G[T>A]T	0.004786944530787878	0.010006765641338688	0.011093532440718264	0.00447239861815234	0.009766743810262142	0.00711086806259118	7.007317565012272e-05	0.0032638646275472637	0.014616282742936164
G[T>C]A	0.0005869402037569671	0.017564199355547316	0.003215785000938922	0.010273683537243642	0.010087275695987045	0.02383303491398692	0.00895280007403926	0.004205925706639846	0.0025980589377286377
G[T>C]C	0.0045098525533103385	0.019347666723188012	0.0013870325509560645	0.0041449352499719795	0.006835233082529158	0.007677634375868762	0.004639382598109591	0.003343408651999198	0.011213584978831933
G[T>C]G	0.0018452915640955324	0.003600099127641556	0.02521552284248173	0.00457815219531767	0.013527945469832048	0.00415584869660969	0.00376184781507618	0.0018335305656296441	0.009635938736610115
G[T>C]T	0.0032629892678232865	0.022388673583045603	0.0023540844307899534	0.010264686730806716	0.008075687095373495	0.021886136753018946	0.006210481617972619	0.0054612865258241074	0.0102738762635272
G[T>G]A	0.0017635115252051037	0.0012654758418037203	0.001452601799082629	0.003601253648500098	0.003221061551536479	0.005216281180619262	0.0010517233573308716	0.0008072775628321693	0.002154231678813048
G[T>G]C	0.004885221592849121	0.0024826372261124363	0.00021391394460270162	0.0028746518636178563	0.0013674181856239075	0.0007210413407892701	0.0001727057115896713	0.0008677572254789112	0.0021495280262359986
G[T>G]G	0.0019011308385233862	0.0046572292053826915	0.006582198640389833	0.003338265230090087	0.007556339656140949	0.01323086948134005	0.0009245442448471408	0.0015566953684048811	0.0036770882822807884
G[T>G]T	0.0007857136893289862	0.0009706270071706057	0.002172124847888739	0.005919678510834245	0.003455602432695741	0.0025251493411887083	0.003350854563886969	0.002415357494815993	0.045263574142009017
T[C>A]A	0.0036607024559634736	0.01810695749853039	0.002495883939735677	0.025969402333812466	0.016894223698182033	0.003566702134558	0.008320352730277137	0.052408257368952035	0.012077239721547813
T[C>A]C	0.010747163672931492	0.012427305306191556	0.00047318993500084617	0.01719518988853906	0.009805342422332615	0.015693668822059408	0.00785162979504626	0.02810280444100499	0.004918422556220321
T[C>A]G	1.3435171197784257e-09	0.00021323093334359554	0.002037235071658898	0.002981421417039343	0.003051907202803079	0.0009403364243008383	0.003763268135955116	0.002653439575529717	0.00011049967651231896
T[C>A]T	0.016262871257495135	0.007276455870920409	0.0017631094640819355	0.04062268716165818	0.014008343729916533	0.015363375581800938	0.008539951592352735	0.08941681425087154	0.03088528463616967
T[C>G]A	0.0025360176248068454	0.006981481489235648	0.0038469371187966317	0.017124405448965315	0.006427962554880651	0.02322954046539962	0.010295487215577168	0.01137025442393309	0.002020457704202272
T[C>G]C	0.0036184310226235537	0.004090326058139908	0.000496753302795696	0.011002983049979775	0.006275443056942989	0.026669828221201897	0.006490242802921102	0.008166244828121307	0.004258667625708768
T[C>G]G	1.4186610997057868e-09	0.0006109294775911423	0.0006220573332367962	0.0014690508213362464	0.002876239586116398	0.007354613918814721	0.00011013995354192119	0.0019418408850749814	0.00021973640633973445
T[C>G]T	0.01414848948828876	0.007534664918784984	0.003586584737058729	0.028698853434379713	0.012362457424169407	0.01272549269895535	0.019381004460537952	0.03304453455260955	0.008885684192646294
T[C>T]A	0.007364962529100012	0.003998960023536711	0.007546943565248512	0.06298898194384264	0.02931378928362392	0.007685068780556321	0.0071377070474273	0.04318082192447036	0.009241454027069267
T[C>T]C	0.013790943822823466	0.02302390774988453	0.01706644151301589	0.051650874000042674	0.014689418537309394	0.01819780146703124	0.014583166685770265	0.02036286689573899	0.007363871014094911
T[C>T]G	0.0014806594913807202	0.005433798927588214	0.014833014123141766	0.005039755448341907	0.005270268363524337	0.001035230082734131	0.09181511130183935	0.005954484762759194	0.0007794772611782719
T[C>T]T	0.02121956723742187	0.03473526357673109	0.014006687240034808	0.058834684933535754	0.015447566312695926	0.025328304127324373	0.016630618589697405	0.029149960805661977	0.02119139408925548
T[T>A]A	0.011621548430195677	0.01519948934088461	0.1078840945661068	0.010753442581917625	0.010840700077678775	0.016432791130791883	0.0102091189925045	0.009217386873206123	0.005947994063444639
T[T>A]C	0.0005769590198906371	0.011724602059694007	0.0036496997848007597	0.005146411361971985	0.010423714684708329	0.005608931577880867	0.005654100259416737	0.0009265404911743502	0.004401248244510611
T[T>A]G	0.0009235078879366521	0.009605420912557748	0.0035608544767296735	0.004192894353182055	0.006861508688889444	0.009492200376698748	0.0019928377171163445	0.0019875233771642796	0.0026830196402443107
T[T>A]T	0.012560030012391508	0.01013810978975016	0.08782342616468668	0.010058330704823674	0.011875918253634267	0.012131869490258396	0.004809197928549338	0.0029033470631111414	0.031202982254326342
T[T>C]A	0.0009193447621328232	0.017813138676574455	0.005650701272315928	0.015159165806253441	0.007487885707523674	0.021061321676243097	0.004421517847226823	0.019963505853047535	0.009512516267575108
T[T>C]C	0.0041142315455363135	0.010778676253394223	0.004974155825475463	0.007272390685109258	0.019979176332126373	0.014301849359180779	0.011354464858304708	0.006779718450707151	0.018547922428697346
T[T>C]G	0.00032340292307708296	0.006338555463007651	0.00479412249050597	0.007941310256142628	0.012629579090280459	0.0007653953276390269	0.007547014352167025	0.00503688210433836	0.0006998251264511168
T[T>C]T	0.021423329929821194	0.009767328380478375	0.15056581735610963	0.006293187094967862	0.0062320586014539	0.01492464620496321	0.0032292038486748647	0.004736389805129875	0.004135746503097834
T[T>G]A	0.00282305921176885	0.010976115625631451	0.002596387016674271	0.008400935096321404	0.0038756249498320015	0.006560848224817164	0.0008505682977755358	0.007573998562584165	0.006868375522317365
T[T>G]C	0.0016515012123272754	0.002637544968891816	0.0007768394781516009	0.005292951638230648	0.0020490049671574966	0.0012549926813812107	3.511785845034865e-05	0.005929385638887652	0.0033101550331275575
T[T>G]G	0.0030311731392430375	0.012329185463022441	0.001011669060535496	0.008357684659131337	0.009723749537952244	0.005275194255955284	0.0014504847475689075	0.011352878102617864	0.002595572535095414
T[T>G]T	0.010011502865236253	0.001787800595926683	0.057820410802960395	0.0226552992122015	0.004659455826760137	0.00028093339404229313	0.0004380417886295618	0.013622658890672028	0.04475605914369225
