Samples	SBS96A	SBS96B	SBS96C	SBS96D	SBS96E
AX4912_vs_AX4894	5.75E+00	6.26E+00	6.01E+00	2.51E+00	2.49E+00
AX4914_vs_AX4895	3.63E+00	3.39E+00	3.47E+00	1.84E+00	1.14E+00
AX4915_vs_AX4895	9.32E+00	8.54E+00	5.48E+00	8.07E+00	4.46E+00
AX4916_vs_AX4896	1.11E+00	1.19E+00	1.18E+00	5.18E-01	6.39E-01
AX4918_vs_AX4897	6.90E+00	9.71E+00	6.59E+00	3.41E+00	7.48E+00
AX4921_vs_AX4898	3.45E+00	3.11E+00	2.94E+00	1.79E+00	1.17E+00
AX4922_vs_AX4899	1.77E+01	6.02E+00	8.71E+00	1.65E+01	5.67E+00
AX4923_vs_AX4906	7.75E+00	1.02E+01	6.12E+00	5.89E+00	7.05E+00
AX4924_vs_AX4901	1.07E+00	5.03E+00	5.62E+00	6.47E-01	6.21E+00
AX4925_vs_AX4901	1.34E+00	1.58E+00	1.44E+00	6.06E-01	7.99E-01
AX4926_vs_AX4904	1.01E+00	4.72E+00	4.84E+00	2.82E-01	6.10E+00
AX4927_vs_AX4905	3.32E+00	3.48E+00	2.23E+00	2.71E+00	1.54E+00
AX4928_vs_AQ5174	5.56E+00	8.65E+00	4.07E+00	3.23E+00	4.65E+00
AX4929_vs_AQ5174	8.65E-01	6.22E+00	5.81E+00	6.33E-01	7.78E+00
AX4930_vs_AX4900	3.29E+00	2.61E+00	3.25E+00	1.38E+00	9.31E-01
AX4931_vs_AX4907	1.45E+00	3.74E+00	3.12E+00	1.47E+00	3.62E+00
AX4932_vs_AX4908	2.71E+00	3.20E+00	3.02E+00	1.46E+00	8.66E-01
AX4933_vs_AX4909	1.44E+00	1.73E+00	1.72E+00	7.10E-01	5.21E-01
AX4934_vs_AX4909	1.16E+00	1.04E+00	1.25E+00	5.43E-01	2.70E-01
AX4935_vs_AX4910	4.04E+00	3.50E+00	3.23E+00	2.03E+00	1.02E+00
AX4936_vs_AX4911	2.51E+00	4.51E+00	3.78E+00	2.17E+00	3.66E+00
AX4937_vs_AX4894	5.13E+00	6.26E+00	5.08E+00	2.92E+00	2.05E+00
AX4938_vs_AX4896	1.39E+00	1.24E+00	1.25E+00	7.42E-01	6.57E-01
AX4940_vs_AX4904	3.64E+00	4.32E+00	2.89E+00	2.70E+00	2.19E+00
AX4942_vs_AX4898	7.20E+00	7.85E+00	4.95E+00	3.80E+00	2.85E+00
AX4943_vs_AX4898	7.60E+00	8.07E+00	5.25E+00	4.01E+00	2.98E+00
AX4944_vs_AX4897	6.21E+00	9.04E+00	6.75E+00	3.05E+00	6.72E+00
AX4945_vs_AX4898	3.75E+00	3.20E+00	3.13E+00	1.96E+00	1.15E+00
AX4946_vs_AX4895	1.41E+01	1.39E+01	1.04E+01	8.73E+00	3.67E+00
AX4947_vs_AX4895	1.50E+01	1.32E+01	9.70E+00	8.53E+00	5.09E+00
AX4951_vs_AX4903	5.76E-01	1.34E+00	1.16E+00	4.37E-01	4.24E-01
AX4958_vs_AQ5174	1.02E+01	1.27E+01	6.98E+00	6.47E+00	4.63E+00
AX4961_vs_AQ5174	9.94E+00	1.19E+01	7.67E+00	5.95E+00	4.96E+00
DIAF_vs_BLOOD	4.25E+00	5.19E+00	3.88E+00	3.46E+00	2.72E+00
HK_vs_BLOOD	0.00E+00	1.35E-01	2.33E-01	1.53E-01	1.31E-01
LNMETA_vs_BLOOD	3.03E+00	4.34E+00	3.14E+00	2.05E+00	2.16E+00
LN_vs_BLOOD	2.49E+00	3.28E+00	2.76E+00	1.82E+00	1.40E+00
OMEN_vs_BLOOD	3.68E+00	3.89E+00	3.38E+00	2.31E+00	1.74E+00
PABKLN-01A_vs_PABKLN-11A	2.74E+00	4.21E+00	3.24E+00	1.80E+00	3.55E+00
PADWRZ-01A_vs_PADWRZ-10A	3.10E+00	2.85E+00	2.60E+00	1.94E+00	1.63E+00
PADYZI-01A_vs_PADYZI-10A	4.16E-01	1.13E+01	1.16E+01	1.12E+00	1.60E+01
PAEHIP-01A_vs_PAEHIP-10A	1.16E+00	9.87E-01	1.37E+00	6.13E-01	7.23E-01
PAJLWM-01A_vs_PAJLWM-11A	1.73E+00	1.63E+00	1.41E+00	1.08E+00	9.08E-01
PAJMBW-01A_vs_PAJMBW-10A	2.51E+00	3.89E+00	3.40E+00	1.51E+00	4.10E+00
PAJMRB-01A_vs_PAJMRB-11A	2.06E+00	1.82E+00	2.20E+00	1.01E+00	1.70E-01
PAJNER-01A_vs_PAJNER-11A	1.83E+00	1.96E+00	1.80E+00	8.92E-01	1.10E+00
PAJNFP-01A_vs_PAJNFP-11A	3.06E+00	3.63E+00	2.41E+00	1.89E+00	3.09E+00
PAJNFZ-01A_vs_PAJNFZ-10A	2.45E+00	2.96E+00	2.70E+00	1.21E+00	2.27E+00
PAKHTL-01A_vs_PAKHTL-11A	3.65E+00	4.39E+00	3.69E+00	1.11E+00	1.98E+00
PAKLYZ-01A_vs_PAKLYZ-10A	4.78E+00	3.94E+00	3.46E+00	3.60E+00	1.64E+00
PAKTCT-01A_vs_PAKTCT-11A	3.97E+00	3.61E+00	3.32E+00	2.21E+00	1.70E+00
PARECB-01A_vs_PARECB-11A	1.80E+00	2.42E+00	1.67E+00	1.06E+00	9.82E-01
PAREWI-01A_vs_PAREWI-11A	1.93E+00	2.30E+00	2.19E+00	1.04E+00	1.54E+00
PARGRN-01A_vs_PARGRN-10A	2.03E+00	1.94E+00	1.78E+00	7.76E-01	1.21E+00
PARIRN-01A_vs_PARIRN-10A	2.95E+00	3.25E+00	3.64E+00	1.70E+00	1.32E+00
PARPFY-01A_vs_PARPFY-11A	2.90E+00	2.43E+00	2.03E+00	1.15E+00	1.48E+00
PARRCL-01A_vs_PARRCL-11A	2.21E+00	2.76E+00	2.10E+00	1.50E+00	1.74E+00
PARTKH-01A_vs_PARTKH-10A	2.62E+00	3.08E+00	2.20E+00	1.97E+00	1.93E+00
PARUGK-01A_vs_PARUGK-10A	2.21E+00	2.15E+00	2.14E+00	1.15E+00	9.57E-01
PARZBI-01A_vs_PARZBI-11A	3.00E+00	3.04E+00	2.80E+00	1.55E+00	2.10E+00
PARZRH-01A_vs_PARZRH-10A	4.40E+00	2.62E+00	3.05E+00	2.52E+00	1.60E+00
PASABD-01A_vs_PASABD-10A	2.21E+00	2.12E+00	1.64E+00	1.10E+00	9.40E-01
PASADZ-01A_vs_PASADZ-10A	2.55E+00	3.13E+00	2.42E+00	1.23E+00	2.54E+00
PASCDH-01A_vs_PASCDH-10A	1.55E+00	1.96E+00	1.66E+00	9.40E-01	6.46E-01
PASDLA-01A_vs_PASDLA-11A	1.79E+00	1.80E+00	1.49E+00	1.36E+00	9.07E-01
PASGCL-01A_vs_PASGCL-10A	2.60E+00	3.29E+00	2.74E+00	1.50E+00	1.14E+00
PASRHU-01A_vs_PASRHU-10A	1.48E+00	1.13E+00	1.36E+00	6.01E-01	7.39E-01
PASVDP-01A_vs_PASVDP-10A	1.97E+00	1.89E+00	1.75E+00	1.37E+00	1.06E+00
PASWZZ-01A_vs_PASWZZ-10A	1.52E+00	1.78E+00	1.52E+00	7.73E-01	1.10E+00
PASXNA-01A_vs_PASXNA-11A	2.87E+00	2.73E+00	2.21E+00	1.63E+00	1.68E+00
PASYNF-01A_vs_PASYNF-10A	2.19E+00	1.54E+00	2.13E+00	1.37E+00	9.30E-01
PASZYE-01A_vs_PASZYE-10A	2.77E+00	2.85E+00	2.07E+00	1.27E+00	1.25E+00
PATAFT-01A_vs_PATAFT-10A	2.42E+00	2.87E+00	1.64E+00	1.56E+00	1.23E+00
PATBLF-01A_vs_PATBLF-10A	3.17E+00	3.09E+00	2.94E+00	1.94E+00	1.31E+00
PATDVL-01A_vs_PATDVL-10A	2.11E+00	2.04E+00	1.81E+00	1.30E+00	1.06E+00
PATENH-01A_vs_PATENH-11A	2.94E+00	2.64E+00	3.22E+00	1.62E+00	1.18E+00
PATFXW-01A_vs_PATFXW-10A	2.31E+00	2.80E+00	2.37E+00	9.76E-01	1.41E+00
PATFZZ-01A_vs_PATFZZ-10A	3.02E+00	2.98E+00	2.67E+00	1.63E+00	1.65E+00
PATXEE-01A_vs_PATXEE-10A	2.58E+00	2.62E+00	2.51E+00	1.50E+00	1.24E+00
PATXKA-01A_vs_PATXKA-10A	2.32E+00	2.41E+00	2.22E+00	1.35E+00	1.66E+00
PAUCGJ-01A_vs_PAUCGJ-10A	4.11E+00	3.79E+00	2.87E+00	2.09E+00	2.33E+00
PAUDPV-01A_vs_PAUDPV-11A	2.07E+00	2.13E+00	1.70E+00	1.15E+00	1.00E+00
PAUEKW-01A_vs_PAUEKW-10A	4.56E+00	6.28E+00	5.05E+00	2.31E+00	2.29E+00
PAUFVP-01A_vs_PAUFVP-11A	3.84E+00	3.52E+00	3.40E+00	1.97E+00	1.64E+00
PAUGYZ-01A_vs_PAUGYZ-10A	2.50E+00	1.07E+00	2.35E+00	1.40E+00	7.08E-01
PAUHAZ-01A_vs_PAUHAZ-10A	1.74E+00	1.49E+00	1.64E+00	1.13E+00	8.74E-01
PAUNPA-01A_vs_PAUNPA-11A	3.48E+00	3.07E+00	2.97E+00	1.91E+00	1.01E+00
PAVCKS-01A_vs_PAVCKS-11A	4.22E+00	4.47E+00	3.67E+00	2.38E+00	3.23E+00
PAVITI-01A_vs_PAVITI-10A	3.75E+00	3.15E+00	2.84E+00	1.78E+00	1.29E+00
PAVYDM-01A_vs_PAVYDM-11A	2.44E+00	2.88E+00	2.25E+00	1.77E+00	1.40E+00
PAVYKD-01A_vs_PAVYKD-10A	2.03E+00	1.83E+00	1.66E+00	1.10E+00	1.19E+00
PAWDGA-01A_vs_PAWDGA-11A	4.40E+00	4.32E+00	3.01E+00	2.23E+00	1.26E+00
PAWFBL-01A_vs_PAWFBL-11A	2.81E+00	2.45E+00	2.64E+00	1.94E+00	1.06E+00
PAWFWK-01A_vs_PAWFWK-10A	1.68E+00	1.98E+00	1.83E+00	8.93E-01	1.17E+00
SJBT030128_D1_vs_SJBT030128_G1	1.03E+00	3.74E-01	1.02E+00	2.08E-01	2.65E-01
SJBT030255_D1_vs_SJBT030255_G1	3.83E+00	4.34E+00	3.80E+00	3.24E+00	3.30E+00
SJBT030581_D1_vs_SJBT030581_G1	4.30E+00	3.57E+00	4.09E+00	2.27E+00	1.13E+00
SJBT030707_D2_vs_SJBT030707_G1	8.15E-01	1.69E+00	1.59E+00	4.36E-01	6.07E-01
SJBT030896_D1_vs_SJBT030896_G1	5.98E+00	4.97E+00	4.03E+00	7.29E+00	1.71E+00
SJBT030997_D1_vs_SJBT030997_G1	2.12E+00	2.59E+00	1.95E+00	1.33E+00	1.10E+00
SJBT031235_D1_vs_SJBT031235_G1	5.00E-01	1.28E-01	4.93E-01	8.23E-02	2.23E-02
SJBT031605_D1_vs_SJBT031605_G1	4.60E+00	6.74E+00	5.12E+00	3.74E+00	3.98E+00
SJBT031948_D2_vs_SJBT031948_G1	2.28E+01	1.21E+01	1.05E+01	2.02E+01	4.87E+00
SJBT032047_D1_vs_SJBT032047_G1	0.00E+00	1.74E-01	8.99E-02	1.03E-01	1.33E-01
SJBT032346_D1_vs_SJBT032346_G1	2.82E+00	3.02E+00	3.17E+00	1.20E+00	1.04E+00
SJBT032393_D1_vs_SJBT032393_G1	3.49E+00	3.38E+00	3.57E+00	2.19E+00	1.71E+00
SJBT032417_D2_vs_SJBT032417_G1	1.99E-01	6.45E-01	8.12E-01	4.64E-01	3.77E-01
SJBT033133_D3_vs_SJBT033133_G1	1.24E-01	2.77E-01	3.01E-01	1.42E-01	3.71E-02
SJBT033236_D2_vs_SJBT033236_G1	5.43E-01	7.79E-01	7.40E-01	4.56E-01	1.60E-01
SJBT034089_D1_vs_SJBT034089_G1	9.87E-02	2.20E-01	4.35E-01	3.70E-01	0.00E+00
SJBT034110_D2_vs_SJBT034110_G1	1.18E+00	1.28E+00	1.04E+00	5.92E-01	3.04E-01
SJMRT014754_D1_vs_SJMRT014754_G1	4.94E+00	3.33E+00	3.09E+00	3.62E+00	1.93E+00
SJMRT015723_D1_vs_SJMRT015723_G1	2.50E+00	3.47E+00	2.49E+00	1.15E+00	1.58E+00
SJMRT063832_X1_vs_SJMRT063832_G1	2.87E+01	1.52E+02	8.58E+01	3.56E+01	9.52E+01
