MutationType	SBS96A	SBS96B	SBS96C	SBS96D	SBS96E	SBS96F	SBS96G	SBS96H	SBS96I	SBS96J
A[C>A]A	0.004769186969497241	0.0141150235501118	0.006975363538658712	0.024452338055958478	0.039782106881029906	0.004389018901981671	0.0010762208051164634	0.030803954368457197	0.02465305760502815	0.023245336816180497
A[C>A]C	0.021546050747856496	0.01285192622570321	0.003361901638854761	0.008560632766748313	0.03030280746985227	0.012544462842779467	0.017427025842480362	0.008900585198280169	0.008047300906910096	0.010027019358240068
A[C>A]G	0.0003811235550873704	0.0005862525274517339	0.004294611756829596	0.002219904104670718	0.0028403309312886905	0.0006743023250783153	0.0007537445032206591	0.0021343876840538203	0.0007346072405696447	0.003919385496759844
A[C>A]T	0.01139982525492087	0.005185883982637734	0.0018700029698266007	0.014166650351909879	0.02911544167203829	0.0014334705203481236	0.014330602951813489	0.024951881881570444	0.010633155334508046	0.015465810114462783
A[C>G]A	0.008328758554998785	0.0039388429810856	0.03519618040882051	0.004325404615166235	0.021370962738292292	0.0037410210969724745	0.01059309817617759	0.005794343790503265	0.001724833243247872	0.008291003444550143
A[C>G]C	0.00032466256693624017	0.000489135917347312	0.002220223186586736	0.0024972882881888836	0.009379914365026706	0.0041261871013715985	0.009135692669078708	0.007033647529713676	0.002625313322234888	0.004098439612789662
A[C>G]G	0.0007719370346593735	0.0017230563029559675	0.0013551772351536328	0.00435466555688933	0.0033467825424293098	0.00303375951862904	0.00021717555320833527	0.0023783618432597587	0.0004097068565491924	0.007026434365472625
A[C>G]T	0.0001286466258128627	0.0025725765645165668	0.0011928946995250734	0.008772984419143768	0.01799077359825395	0.001379059567435661	0.017676618147525004	0.013148021686001812	0.002354294803119927	0.0109347391447659
A[C>T]A	0.008550665046350332	0.003783810392051237	0.07975277550518513	0.013282089924596221	0.04508681238628924	0.017471722371410578	0.037027193803805855	0.026038902818690986	0.009864672277035424	0.022992914794219103
A[C>T]C	0.004667940720537445	0.015493869321653619	0.005151646118611098	0.010523289382690563	0.02690548821585253	0.005233632529270835	0.0257264792942442	0.005191239213274912	0.008657483551069163	0.011655627938441455
A[C>T]G	0.0031131679750569675	0.006094675730378185	0.0035326831107511513	0.008752734989313353	0.014796160096979634	0.2140116859972477	0.0005507749522663375	0.0011902704303191625	0.0036011099034010383	0.012527767402153854
A[C>T]T	0.0012163660985420677	0.01229159528340233	0.0023764194254181346	0.019541447642899862	0.018870547121623532	0.0223340536467731	0.028806489971466363	0.02288239721150603	0.007260522983342526	0.02304544595644984
A[T>A]A	0.0030953034668345938	0.0163002169248648	0.012683169492520392	0.007608501785786075	0.008926485012925695	0.00781285248871427	0.0017164741051965476	0.009829617271107734	0.001186952110438142	0.012438484036600812
A[T>A]C	0.007075902569922619	0.007860396352771203	0.0024680582230212165	0.002604516115159754	0.005860945179296948	0.002308980617867178	0.014437795467674732	0.004201411114188786	0.00021371462001525286	0.00527047786321603
A[T>A]G	0.0016605173623247538	0.010727241755812428	0.004123538775456836	0.002536003217967391	0.004920832741481718	0.003946668059451003	0.01843897230923176	0.006192795376991853	0.0008665012875280809	0.008165744829695995
A[T>A]T	0.009440056842286139	0.001644885055022255	0.02003301022341475	0.011958133970038034	0.013284382308193017	0.022981137256138026	0.017223744050133973	0.00933685517409856	0.012313610001001507	0.009304087087512016
A[T>C]A	0.006213742521358654	0.012286191751336446	0.0330293152667582	0.021860412490786983	0.012633437814074569	0.01341964436462149	0.030990205211564897	0.018280698150629177	0.006443459821457509	0.020709987731825096
A[T>C]C	0.0017403566792199854	0.00735370165493805	0.00336626449056439	0.009902876053107548	0.017129559033783152	0.005076389425010319	0.0032180441275704652	0.004697670684836339	0.0032651625384824	0.011258212719549193
A[T>C]G	0.00158021192142769	0.004952137569052866	0.002804798309225589	0.016370336379386573	0.006937104675976968	0.014633063030196354	6.842881130637579e-05	0.01273585278287328	0.0021068653072683218	0.013812139688525349
A[T>C]T	0.002851501365075819	0.014734580439981073	0.004975596140211564	0.01586592689360259	0.017905952360015364	0.008285199512538383	0.021411048150621354	0.012530552723328583	0.02034121167846024	0.01425822653317482
A[T>G]A	0.006231445356970653	0.003222730040833994	0.005487476346315816	0.00483731849785066	0.004408924077702636	0.004763891667043936	0.009320680868113414	0.002837224280228838	0.0006094277603551745	0.004663294487517362
A[T>G]C	0.0008184095560500282	0.00047836030907191687	0.0012239732048740849	0.0034027098939340304	0.0022683225048007218	0.0009712313227465685	0.004871443301262843	0.002618767632825776	0.0021325808173696713	0.003247032605286222
A[T>G]G	0.0023304526707522656	0.004556688630482313	0.0035093061922634662	0.003628092946873522	0.006401628282477037	0.00032243914562315014	0.009448201600462199	0.0019172909312649721	0.005723599761569176	0.003617775556209608
A[T>G]T	0.0007878445544054813	0.0007346166353767103	0.00010587903433489033	0.007208460325761478	0.0032453989383623137	0.0006465411582962588	0.0063998055300908165	0.007288731010835932	0.02891828822903335	0.0038636554727287374
C[C>A]A	0.00916277312207967	0.028442090870812536	0.0077224098908482116	0.020827342828852125	0.022236498126294465	0.0050552707166934855	0.0023325534656760284	0.03858245052397251	0.012806669831625185	0.022836038095410915
C[C>A]C	0.013506749188527465	0.01856008057983111	0.016761170541867612	0.0027895498446014245	0.011468788098072764	0.002885866386932322	0.014634605305764126	0.007727549571718555	0.0073020842319238	0.012754686764183135
C[C>A]G	0.001952632809698116	0.0006504303265703015	0.0024001664748192295	0.0027605053027625103	0.0031835077054165593	0.00014883044796530244	5.496590518845323e-05	0.0060888821281005435	0.001511626631249925	0.0035248228182101116
C[C>A]T	0.03162200509570539	0.019454865358636653	0.002362936346034985	0.007622517116009755	0.013829829698827324	0.004913600765731872	0.011079183291457184	0.01979628476827429	0.013676179270260037	0.028619107739068568
C[C>G]A	0.0015020086175354663	0.005096284153750261	0.0001942851283820346	0.0037622153362845624	0.009288330000636051	0.0019606765407525015	0.005736979291186799	0.0019146870383247006	0.006863746750168502	0.005354977695085239
C[C>G]C	0.0008930905458232275	0.004093000938753164	0.004332880590081914	0.0020716579295981317	0.005752061684061971	0.0009824831869534735	0.009273989803477888	0.0006206500346164034	0.004961335067637265	0.002960264867963929
C[C>G]G	0.00035814245453238416	0.00023774764826470118	0.0006949883783087074	0.0011897229092271999	0.0024549865134758874	0.0013469660590578769	0.0008583871312529823	0.0018313503975210211	0.003590259812463046	0.0010902219057942375
C[C>G]T	0.004260907291609328	0.0030056704810272096	0.0002296362911874894	0.009729439337388613	0.007296103165135719	0.00458505347407609	0.0017389259237371845	0.003208367126466385	0.003947284978348762	0.007120834068195485
C[C>T]A	0.032529051918536424	0.0004563681367960726	0.006508782532182522	0.015159298008367803	0.033084390937292485	0.015561226566205733	0.026657045846804978	0.022979314826661722	0.005501660071677179	0.01422646731545683
C[C>T]C	0.16133266776800156	0.00498596539892489	0.006296170180078207	0.005483763991483101	0.008852777859350536	0.002190084496022564	0.016261250559830905	0.00524176466784752	0.0037877382357783063	0.010623068558562637
C[C>T]G	0.006487323650871985	0.0014834536300622858	0.00995030339435857	0.0259797444997821	0.009864085817249499	0.10787970542907716	0.004510509721585549	0.008602111021427845	0.015491228768514703	0.015364204777870327
C[C>T]T	0.13539320319890977	0.009113436003826792	0.014390826310263947	0.01142660247744061	0.007394464246017378	0.00975282838626299	0.03351904593175277	0.004652705450862413	0.009570634161354974	0.00954835464595817
C[T>A]A	0.03518857650458813	0.01767615489150103	0.0004312424848791352	0.005769774126298728	0.003939861011076573	0.0014383080297955075	0.0011605727080313954	0.0017768585087164013	0.0011342566236970696	0.004951134023364148
C[T>A]C	0.03039349438622594	0.005958335415120928	0.015674784923903645	0.004347562657517301	0.008351012411167176	0.0010138821125269715	0.005519723017023352	0.003772673583490718	0.005879417059477418	0.006682241251776304
C[T>A]G	0.034806914757937193	0.02420442395543347	0.0034843972623176	0.00367973648424055	0.005293819142417533	0.0004881994332359341	0.005339130000138539	0.0010174294924678406	0.003497767654533277	0.007933779299366393
C[T>A]T	0.05337086912244558	0.032462401608541996	0.0013659657226276066	0.002423226908640572	0.00987443274265388	0.0018219838305276426	0.0013391300852833865	0.00024600856006145477	0.02866722621023655	0.006068939243224426
C[T>C]A	0.0048648818541551005	0.004870681399270324	0.0034844089496618835	0.0037564451967773494	0.022814781102351845	0.003938327043455842	0.021903470230754465	0.005913180702385148	0.003304284287514747	0.007348974111548614
C[T>C]C	0.010196481538005174	0.008315835588728077	0.0018879031701362692	0.005600611183085675	0.030876106005162	0.0038778062249184586	0.005921566206379794	0.007646402698592283	0.022976566925644874	0.009460865352884866
C[T>C]G	0.005753308944986202	0.005715469645454902	0.000822620469116373	0.01113884421880357	0.012575970681563148	0.0025138364026835803	0.0024026297136057907	0.003953111115787351	0.008999530805740506	0.008681103979749877
C[T>C]T	0.011752672637812793	0.013727721543560847	0.012730706192087382	0.004543576647793088	0.010743131995841395	0.0025521019332103378	0.014590058808680624	0.007613754542658171	0.09871560789644718	0.012020380391040817
C[T>G]A	0.0014437422124410659	0.006988825403466113	2.688742921947096e-05	0.0027023642835851546	0.0019363963847493437	0.0010022689006205531	0.00014965109150566036	0.001396053834130271	0.004213210641755723	0.0020871901237939027
C[T>G]C	0.0010069418613420566	0.001473583405480241	0.0016075994651691872	0.002398593817093655	0.0026890214780010803	0.0007943250179346961	0.00022764960751693762	0.0012010223991579495	0.010688545750454068	0.002230354834104489
C[T>G]G	0.00025275068772316443	0.01191208386386279	0.00020902640331769363	0.002938265080013025	0.007041788856886342	0.0031631152392662897	0.004444134347102136	0.0011529524039318062	0.005886355278780684	0.003994024449830746
C[T>G]T	0.00015316254114203787	0.0010595312242122645	3.836025078562955e-06	0.0006920706263863252	0.0006987282777807035	0.0002945500780280767	4.451590367771097e-08	5.355663012238665e-05	0.16375118926167487	0.001343849538752515
G[C>A]A	0.01413097960408777	0.03172763172915438	0.0055314838927733945	0.01889565822290024	0.023557764995675825	0.005065005258629753	0.0012747174839023501	0.05910366326570511	0.009570894371718168	0.021561235635581655
G[C>A]C	0.04203057188540697	0.05207345749251544	0.0003938348419478643	0.0018886804839613092	0.003969372020558808	0.0004232878547796304	0.007274543140474634	0.01646148270662593	5.866175475603086e-05	0.010769148420579881
G[C>A]G	4.405589670852805e-09	0.0006773754893401893	0.006892324415575786	0.0022542468286604845	0.003629171516227299	5.17092398440866e-05	0.00017881706805599861	0.0011124342038293378	0.0003815114858932489	0.0042812769277546184
G[C>A]T	0.00661397231175215	0.01289314988291153	0.002445420767326141	0.012817523897392675	0.010689935380214592	0.004158548167799836	0.011482272725552321	0.04711248107254505	0.000406725630746223	0.015608302473374351
G[C>G]A	0.0020094103187147994	0.009537536389867114	0.0029988275363757567	0.0025381155109360522	0.010223326752757202	0.00012253437115759879	0.005025426527427043	0.0024296195625294103	0.003953466878663221	0.005637217245962347
G[C>G]C	0.016474101189523936	0.01747539647348731	0.0009567362359859999	0.001899564802665168	0.0009972458168932975	0.0018576708280258459	0.011883352769073098	0.0021332768981687875	0.0021213511334525494	0.00455128892318605
G[C>G]G	8.330027156944198e-10	0.001079067762678676	0.0009605975414265799	0.0011946651913378758	0.0009662423438074086	0.00045051818627484864	0.001717288757849218	0.0011323967391522816	0.0004555971206485765	0.0018133213317375408
G[C>G]T	0.0037593656865647063	0.013900139063083542	0.000194660607936612	0.0021346422030069333	0.0020744384564807205	0.0001068819040215363	0.01317097473423928	0.0014216001773047536	0.005242713618754351	0.0032294266872447963
G[C>T]A	0.00953059712657705	0.037296636877581474	0.0007690983595239232	0.02014372343663126	0.008329597007627854	0.0065230804627208275	0.01075695267500123	0.01113505061251999	0.01327125711109602	0.018816686624504655
G[C>T]C	0.006889964335423429	0.02998340925647426	0.005937734323670157	0.011814128710529986	0.009148934569384436	0.0078111736859136725	0.02785623899428174	0.009370089799376728	0.004273453642344976	0.017843066848269327
G[C>T]G	0.0034325055475528644	0.009326442454766947	0.02820093239657581	0.009461751331185155	0.004691692704851675	0.1317521844059229	0.003466758279928399	0.0013675046258703105	0.002221447189438379	0.012375533104418537
G[C>T]T	0.007022062989417464	0.038458335641771556	0.007399179710282624	0.007826121035614052	0.016765402700984852	0.013822991811903194	0.03041354118846357	0.002752344983164221	0.006595679327947437	0.015200647205720088
G[T>A]A	0.0013942996002879226	0.019050235440954567	0.0008523264708270518	0.005004257976793696	0.005166582808708426	0.0022570474603473656	0.001418164160511637	0.0017847592108410026	0.0018832021799784116	0.006505659960286039
G[T>A]C	0.004172610474051907	0.00453891018516714	0.0007310450857889706	0.00280935355081013	0.0044465464428034805	0.00013902200062261726	0.013599523869243058	0.0010581279170941117	0.004422821880513084	0.0033570166823015768
G[T>A]G	0.005497953672893345	0.009361466276538976	0.023378919623792172	0.001791373696857974	0.0030420574078743813	0.00023279604089339047	0.0063244756415952	0.0018538135923532552	0.0001250489280016609	0.003458865589524578
G[T>A]T	0.004885585894226096	0.009145156258528004	0.011010517431423068	0.003956624275808736	0.010013595640775747	9.321871294673656e-05	0.006141890819708351	0.003929239418648649	0.014468005370389392	0.00917580711073242
G[T>C]A	0.0005261763973976486	0.01627087941182708	0.00272471967007732	0.00878743550875015	0.01035021972260438	0.008300817356533798	0.02448141328059137	0.004081143029488885	0.002137219405558426	0.015588944204605468
G[T>C]C	0.004529047671094304	0.017996906998604203	0.0011901446654837855	0.002920914085698314	0.0052521369249348025	0.004514382248962647	0.0075551785290008415	0.002571939998797461	0.011322789482073858	0.013277454905612843
G[T>C]G	0.0016825661846269213	0.003740485228550483	0.02582158026751131	0.005759809589142151	0.014627240920069652	0.003518200809203336	0.0028967301492230034	0.0008767941877886187	0.009474091862794012	0.005309362382695327
G[T>C]T	0.0032361514556396285	0.020591396043600982	0.0023767062606930268	0.008759563125786372	0.005793114099451486	0.005290118890843587	0.024212485831230878	0.006605831131469695	0.00987278607324697	0.015128722870722413
G[T>G]A	0.0017527347317081877	0.0008171476815186907	0.0012545665200372725	0.0037503575534080995	0.0038282998697116	0.0008529955026679659	0.004849006283911876	0.0007001627217784545	0.0018987597609741158	0.003690016854757374
G[T>G]C	0.005087287180358544	0.002297829223981793	0.00020167832874136592	0.002488473645954059	0.0013881524873394823	0.00014206404629021563	0.0007407829661256926	0.0008824244570275219	0.0021440211661998393	0.0022719663917653322
G[T>G]G	0.0018925632067839616	0.004073722997781886	0.006420705261989497	0.0036923575547953644	0.00856937404256314	0.0007369377393865762	0.012290185159436078	0.0018943451409424482	0.003495321893951768	0.0058174464147907655
G[T>G]T	0.000694969735181985	0.000947228561730924	0.002009666156233152	0.005911976989592631	0.0047982981592736	0.0032692335548927076	0.0022574046143299855	0.002057882798078481	0.046882526613771916	0.003552837729030216
T[C>A]A	0.002945034145050158	0.01942897725617513	0.0024074144221958704	0.023263667728751897	0.014732749826507643	0.008364390042843298	0.004236711775301955	0.056334861163049935	0.011072440355201251	0.018870261909692657
T[C>A]C	0.010459797456860542	0.013425616510794498	0.0005372456094482913	0.01624700187065173	0.010650262634153479	0.00787336058623623	0.016252617978025227	0.02985661950195208	0.004651209336312832	0.010559603830624837
T[C>A]G	3.6324271590615354e-10	0.00015975751975148	0.001850618284547636	0.002463110919349987	0.0023656118477316567	0.0037771266430155492	0.0008964458036948386	0.002397536258746129	0.00012011942341182191	0.003763314376746578
T[C>A]T	0.01574198842514306	0.005617650591651114	0.001443037814024138	0.03894569474294258	0.011582642073917668	0.008551955499751785	0.01699014450321556	0.09967457417398691	0.03122036482207477	0.02429245590731023
T[C>G]A	0.0021832422567445065	0.006243469442138121	0.0028737326067130196	0.022620405898487662	0.005864272372564301	0.00944676671305558	0.02472894498379901	0.007681786118191667	0.0016563153613486747	0.01159603695739861
T[C>G]C	0.003336120706080692	0.0034537347905614977	0.00038028021648642605	0.014088678118714597	0.0059054874608758445	0.006496055282350994	0.02915012526791543	0.006506851101062665	0.003981899635618902	0.006606118420340956
T[C>G]G	1.3700054424248265e-09	0.00039889426369992264	0.00037795727482205167	0.0008982013075124939	0.00203745064479989	0.00014321664764004537	0.008114493488578773	0.0023046850828153964	0.0002095397565217283	0.00314282031863236
T[C>G]T	0.01301926726475358	0.008163488005512818	0.00313969277900469	0.03436123012797907	0.011109748682792997	0.019032900873571634	0.013316766570787876	0.027426395858547038	0.008826403896538784	0.018291978702868
T[C>T]A	0.00601915651524926	0.005204173201564117	0.006908630839898251	0.06717094802297652	0.027896166620776056	0.006115340510042415	0.006409385893493891	0.04046223521698266	0.007634150078738458	0.02595391855051301
T[C>T]C	0.012992088296450675	0.02334634692640975	0.016444164008134976	0.05842948919162154	0.010654196453979239	0.013240150354677098	0.01851010049053002	0.01841336717014201	0.005947591380681842	0.025057495521751027
T[C>T]G	0.0011860424322321706	0.005826923970696125	0.014643242300953716	0.004375123519697582	0.0029381717406374718	0.09433654610067606	0.0012877019651250522	0.0068144121327190985	0.0007578384373118751	0.011888671490576713
T[C>T]T	0.02037989443168044	0.03584363166111871	0.01327046556165442	0.06768921956419945	0.011601001990493387	0.014670517039485275	0.027523551005870103	0.026274886393221095	0.020467423975933343	0.02642260891625483
T[T>A]A	0.01104742210150107	0.01490408806988853	0.11117629587650299	0.011533419226664137	0.00364930084741923	0.009612579060922144	0.017622289089486	0.008656361813118565	0.005845182613338693	0.021957825221875282
T[T>A]C	0.0005709868283884134	0.009426008771988563	0.003362274591490859	0.006124499391474956	0.011729509820528108	0.004904152190429159	0.0045075600867102135	0.0005146994200258348	0.003934794179513119	0.009118113797248951
T[T>A]G	0.0008949964659541365	0.00971361414412968	0.0036056260419718455	0.004544488687644339	0.006296156188545865	0.00166310664935736	0.009345872856501956	0.0023148643549632197	0.002691108361395891	0.005404917136647782
T[T>A]T	0.012056958043249324	0.010705352667318948	0.09053574576973915	0.010233624819089187	0.011995174854528159	0.005122793751452264	0.01200308290295652	0.0026792698909412138	0.03189748391509056	0.010452825201500673
T[T>C]A	0.0005860337999547483	0.017750851272373892	0.0055646772934051115	0.013782019126811065	0.004472600302251522	0.004192549258305007	0.022392419786192476	0.023118349332362412	0.009021912732569035	0.014712625983609371
T[T>C]C	0.0038350965933932456	0.010971029647334945	0.004478535514208488	0.007987605350790546	0.023745262366719543	0.011449376328382641	0.01239302147179842	0.0040522013397639965	0.018221027033869176	0.01125046752509661
T[T>C]G	0.00026550791516910977	0.00609119340471807	0.004607294434536015	0.0069068991280175854	0.012138939843862318	0.007345892953759972	0.00035102941649071793	0.0037639368268230556	0.0005957419592826342	0.010169586983997192
T[T>C]T	0.020965150673655442	0.008991758391825897	0.15420461483299733	0.008818957707262598	0.0021258845010592607	0.003581485435976242	0.01827076944126699	0.0052044253216843115	0.004259869147981552	0.012619040887523027
T[T>G]A	0.002750266285856924	0.010493201037825202	0.002212615333701251	0.00640185443442847	0.0029511044557830246	0.0006531811766318185	0.007471019999939017	0.00924964233810897	0.006859777341596782	0.008639361268456724
T[T>G]C	0.0015988959728247209	0.0029045513232794917	0.0007463779469739506	0.00411972528644533	0.0017790581609068567	2.5592381551575726e-05	0.0012340788793868285	0.006218309481303664	0.003355663157401523	0.004383841064750697
T[T>G]G	0.0028805856392136774	0.012103850156618136	0.0008024019426443374	0.008281391572023154	0.008530567944836776	0.0017614162653096384	0.004991587833824269	0.011460490077733993	0.002588295142528523	0.008540536306335582
T[T>G]T	0.009831554640331888	0.0016490570662244864	0.05910943981260061	0.024185266285385296	0.005677962955087423	0.00044541982759255917	0.00021098054901813156	0.014886235416163345	0.04609266426414251	0.006819392175821123
