MutationType	SBS96A	SBS96B	SBS96C	SBS96D	SBS96E	SBS96F	SBS96G	SBS96H	SBS96I	SBS96J
A[C>A]A	3.07E-04	1.11E-03	5.36E-04	2.24E-03	2.10E-03	5.26E-04	2.75E-04	2.21E-03	8.67E-04	2.40E-03
A[C>A]C	4.70E-04	8.08E-04	3.00E-04	9.34E-04	1.39E-03	5.51E-04	8.01E-04	7.76E-04	4.54E-04	1.15E-03
A[C>A]G	5.16E-05	1.24E-04	2.48E-04	3.05E-04	3.72E-04	9.34E-05	1.22E-04	4.02E-04	1.39E-04	5.45E-04
A[C>A]T	3.56E-04	6.49E-04	2.86E-04	1.20E-03	1.96E-03	2.86E-04	7.94E-04	1.62E-03	5.44E-04	1.73E-03
A[C>G]A	2.20E-04	4.74E-04	6.60E-04	6.42E-04	1.16E-03	3.79E-04	6.46E-04	7.30E-04	2.68E-04	1.22E-03
A[C>G]C	5.02E-05	1.08E-04	2.24E-04	3.75E-04	7.63E-04	3.15E-04	5.79E-04	6.49E-04	2.52E-04	5.65E-04
A[C>G]G	7.60E-05	2.49E-04	1.86E-04	6.13E-04	5.16E-04	2.86E-04	1.43E-04	4.09E-04	1.03E-04	9.18E-04
A[C>G]T	3.43E-05	3.74E-04	1.96E-04	1.00E-03	1.06E-03	2.49E-04	7.96E-04	8.88E-04	2.61E-04	1.03E-03
A[C>T]A	3.91E-04	6.36E-04	9.83E-04	1.55E-03	2.34E-03	7.87E-04	1.26E-03	1.71E-03	6.88E-04	2.62E-03
A[C>T]C	2.12E-04	8.21E-04	3.31E-04	1.20E-03	1.43E-03	4.81E-04	1.08E-03	6.78E-04	4.98E-04	1.37E-03
A[C>T]G	3.08E-04	6.63E-04	5.22E-04	1.49E-03	1.46E-03	1.97E-03	1.05E-04	2.93E-04	4.42E-04	1.87E-03
A[C>T]T	1.43E-04	9.87E-04	3.24E-04	1.80E-03	1.42E-03	7.34E-04	1.16E-03	1.33E-03	5.49E-04	2.03E-03
A[T>A]A	2.33E-04	7.90E-04	3.92E-04	7.61E-04	7.16E-04	4.17E-04	2.47E-04	8.25E-04	1.83E-04	1.22E-03
A[T>A]C	2.04E-04	5.34E-04	2.17E-04	3.51E-04	5.90E-04	2.38E-04	5.13E-04	4.55E-04	6.81E-05	6.51E-04
A[T>A]G	1.25E-04	5.80E-04	2.56E-04	4.01E-04	6.31E-04	3.27E-04	6.78E-04	5.93E-04	1.51E-04	8.33E-04
A[T>A]T	2.98E-04	2.83E-04	6.49E-04	1.26E-03	1.20E-03	6.84E-04	7.41E-04	9.13E-04	5.94E-04	1.24E-03
A[T>C]A	3.11E-04	8.50E-04	5.98E-04	1.63E-03	1.24E-03	5.79E-04	1.18E-03	1.32E-03	4.87E-04	1.71E-03
A[T>C]C	1.49E-04	4.63E-04	2.90E-04	1.17E-03	1.10E-03	4.04E-04	4.37E-04	6.13E-04	2.97E-04	1.20E-03
A[T>C]G	1.57E-04	5.10E-04	3.46E-04	1.55E-03	8.73E-04	5.57E-04	4.63E-05	1.07E-03	2.84E-04	1.57E-03
A[T>C]T	1.93E-04	7.55E-04	3.37E-04	1.13E-03	1.12E-03	5.13E-04	7.69E-04	8.99E-04	5.68E-04	1.28E-03
A[T>G]A	2.01E-04	3.21E-04	2.98E-04	5.73E-04	5.31E-04	2.82E-04	4.66E-04	4.29E-04	1.35E-04	6.74E-04
A[T>G]C	7.44E-05	1.14E-04	1.42E-04	4.03E-04	3.44E-04	1.68E-04	3.67E-04	3.04E-04	1.86E-04	4.27E-04
A[T>G]G	1.26E-04	3.80E-04	2.31E-04	4.63E-04	6.34E-04	7.80E-05	5.06E-04	2.85E-04	2.80E-04	5.61E-04
A[T>G]T	8.84E-05	1.35E-04	4.22E-05	6.43E-04	4.31E-04	1.23E-04	4.51E-04	5.68E-04	6.67E-04	5.64E-04
C[C>A]A	3.50E-04	1.04E-03	3.70E-04	1.44E-03	1.33E-03	4.77E-04	3.17E-04	1.31E-03	6.20E-04	1.50E-03
C[C>A]C	3.54E-04	9.91E-04	4.86E-04	5.48E-04	9.73E-04	3.38E-04	8.31E-04	9.08E-04	3.99E-04	1.71E-03
C[C>A]G	1.33E-04	1.73E-04	1.84E-04	3.84E-04	4.38E-04	5.88E-05	3.34E-05	4.49E-04	1.63E-04	5.35E-04
C[C>A]T	6.97E-04	1.80E-03	3.45E-04	1.20E-03	1.54E-03	4.85E-04	8.56E-04	1.71E-03	6.47E-04	3.47E-03
C[C>G]A	1.19E-04	4.40E-04	5.20E-05	5.29E-04	7.23E-04	2.34E-04	4.09E-04	2.91E-04	3.23E-04	6.97E-04
C[C>G]C	9.24E-05	3.31E-04	2.32E-04	3.65E-04	6.15E-04	1.32E-04	5.55E-04	1.35E-04	2.76E-04	5.21E-04
C[C>G]G	4.13E-05	7.29E-05	8.50E-05	1.79E-04	2.70E-04	1.38E-04	1.21E-04	2.47E-04	2.02E-04	2.01E-04
C[C>G]T	1.53E-04	3.13E-04	6.46E-05	7.88E-04	6.65E-04	3.42E-04	2.52E-04	4.06E-04	2.95E-04	8.86E-04
C[C>T]A	4.57E-04	1.86E-04	4.37E-04	1.30E-03	1.75E-03	6.07E-04	1.12E-03	1.27E-03	4.67E-04	1.43E-03
C[C>T]C	1.32E-03	1.10E-03	4.78E-04	1.06E-03	1.37E-03	4.22E-04	1.35E-03	7.17E-04	5.29E-04	1.64E-03
C[C>T]G	2.87E-04	4.20E-04	6.43E-04	2.38E-03	1.17E-03	1.46E-03	3.53E-04	9.51E-04	7.80E-04	1.93E-03
C[C>T]T	1.06E-03	1.23E-03	5.45E-04	1.14E-03	1.06E-03	7.41E-04	1.36E-03	6.93E-04	5.79E-04	1.31E-03
C[T>A]A	5.21E-04	8.67E-04	9.42E-05	7.58E-04	6.36E-04	1.94E-04	2.16E-04	3.08E-04	1.66E-04	6.77E-04
C[T>A]C	4.71E-04	7.19E-04	3.92E-04	5.77E-04	8.28E-04	1.74E-04	5.57E-04	5.07E-04	3.81E-04	9.85E-04
C[T>A]G	6.01E-04	1.16E-03	2.68E-04	6.26E-04	7.55E-04	1.13E-04	7.11E-04	2.45E-04	3.35E-04	1.23E-03
C[T>A]T	7.75E-04	1.34E-03	2.05E-04	5.62E-04	1.12E-03	2.60E-04	2.82E-04	1.10E-04	6.66E-04	9.85E-04
C[T>C]A	1.97E-04	4.53E-04	3.15E-04	6.58E-04	1.29E-03	3.77E-04	9.46E-04	6.50E-04	3.34E-04	9.28E-04
C[T>C]C	2.58E-04	6.45E-04	2.42E-04	7.18E-04	1.36E-03	3.72E-04	4.41E-04	7.44E-04	6.21E-04	1.15E-03
C[T>C]G	2.39E-04	5.92E-04	1.29E-04	9.08E-04	8.97E-04	2.74E-04	3.60E-04	4.97E-04	3.64E-04	1.01E-03
C[T>C]T	3.07E-04	9.46E-04	4.52E-04	7.74E-04	1.08E-03	3.01E-04	7.60E-04	8.34E-04	1.16E-03	1.40E-03
C[T>G]A	8.69E-05	3.72E-04	2.23E-05	3.91E-04	3.08E-04	1.19E-04	8.01E-05	2.11E-04	2.67E-04	4.03E-04
C[T>G]C	8.74E-05	2.01E-04	1.56E-04	2.91E-04	3.95E-04	1.52E-04	1.16E-04	1.88E-04	3.69E-04	3.74E-04
C[T>G]G	4.11E-05	5.49E-04	4.73E-05	5.21E-04	5.87E-04	2.48E-04	3.53E-04	3.65E-04	3.67E-04	5.53E-04
C[T>G]T	3.13E-05	3.03E-04	3.80E-06	3.08E-04	3.20E-04	1.52E-04	6.99E-09	5.27E-05	1.61E-03	4.58E-04
G[C>A]A	3.95E-04	1.66E-03	4.78E-04	1.53E-03	1.62E-03	5.06E-04	2.51E-04	2.11E-03	5.50E-04	1.86E-03
G[C>A]C	7.48E-04	1.68E-03	1.19E-04	5.22E-04	7.22E-04	1.58E-04	7.84E-04	1.32E-03	5.22E-05	1.62E-03
G[C>A]G	2.23E-09	1.37E-04	3.58E-04	4.13E-04	4.73E-04	2.76E-05	7.26E-05	2.28E-04	7.67E-05	6.93E-04
G[C>A]T	3.02E-04	8.24E-04	2.95E-04	1.13E-03	1.20E-03	4.26E-04	6.24E-04	1.49E-03	1.18E-04	1.26E-03
G[C>G]A	1.25E-04	4.44E-04	2.43E-04	4.11E-04	6.03E-04	4.79E-05	3.53E-04	3.62E-04	3.03E-04	7.14E-04
G[C>G]C	3.75E-04	8.35E-04	1.46E-04	3.45E-04	2.48E-04	2.31E-04	8.31E-04	3.66E-04	2.23E-04	7.79E-04
G[C>G]G	5.96E-10	1.45E-04	1.11E-04	2.49E-04	1.60E-04	7.66E-05	1.57E-04	2.18E-04	8.13E-05	2.84E-04
G[C>G]T	1.54E-04	6.62E-04	5.98E-05	3.75E-04	3.47E-04	4.19E-05	7.21E-04	3.63E-04	3.34E-04	5.09E-04
G[C>T]A	2.72E-04	9.16E-04	1.87E-04	1.15E-03	9.42E-04	5.40E-04	6.59E-04	8.65E-04	5.66E-04	1.54E-03
G[C>T]C	2.77E-04	1.33E-03	3.94E-04	1.19E-03	1.10E-03	5.26E-04	1.19E-03	1.02E-03	4.32E-04	1.73E-03
G[C>T]G	2.71E-04	7.04E-04	7.19E-04	1.56E-03	7.51E-04	1.40E-03	3.36E-04	3.75E-04	4.21E-04	1.58E-03
G[C>T]T	2.84E-04	1.04E-03	4.73E-04	1.23E-03	1.46E-03	6.72E-04	1.04E-03	6.57E-04	5.00E-04	1.54E-03
G[T>A]A	1.04E-04	6.58E-04	1.34E-04	8.33E-04	5.56E-04	2.69E-04	2.54E-04	3.26E-04	2.60E-04	8.88E-04
G[T>A]C	1.63E-04	3.88E-04	1.12E-04	3.49E-04	5.05E-04	5.54E-05	6.16E-04	2.25E-04	2.70E-04	5.57E-04
G[T>A]G	1.90E-04	5.32E-04	4.57E-04	3.40E-04	4.27E-04	6.72E-05	5.05E-04	3.11E-04	4.41E-05	6.06E-04
G[T>A]T	2.25E-04	6.01E-04	3.53E-04	8.00E-04	8.73E-04	5.08E-05	4.62E-04	7.68E-04	5.15E-04	1.13E-03
G[T>C]A	6.95E-05	8.27E-04	2.45E-04	1.01E-03	8.42E-04	4.38E-04	8.10E-04	6.24E-04	3.06E-04	1.33E-03
G[T>C]C	1.80E-04	8.12E-04	1.76E-04	6.30E-04	6.82E-04	3.08E-04	6.38E-04	5.34E-04	4.99E-04	1.49E-03
G[T>C]G	1.40E-04	3.97E-04	5.12E-04	6.81E-04	8.60E-04	2.68E-04	2.98E-04	2.13E-04	4.27E-04	7.18E-04
G[T>C]T	1.74E-04	9.06E-04	2.55E-04	1.11E-03	8.36E-04	4.41E-04	1.02E-03	7.48E-04	5.37E-04	1.45E-03
G[T>G]A	9.96E-05	1.68E-04	1.40E-04	4.64E-04	5.00E-04	1.49E-04	3.63E-04	1.57E-04	2.01E-04	5.54E-04
G[T>G]C	1.68E-04	2.54E-04	4.68E-05	3.28E-04	2.78E-04	5.43E-05	1.39E-04	2.04E-04	2.05E-04	3.43E-04
G[T>G]G	1.24E-04	3.65E-04	3.20E-04	5.54E-04	7.59E-04	1.38E-04	5.98E-04	3.47E-04	3.39E-04	8.33E-04
G[T>G]T	7.07E-05	1.74E-04	2.27E-04	5.55E-04	5.04E-04	2.67E-04	2.39E-04	3.34E-04	8.31E-04	7.07E-04
T[C>A]A	2.71E-04	1.00E-03	3.02E-04	1.82E-03	1.46E-03	6.39E-04	4.18E-04	1.68E-03	6.19E-04	1.81E-03
T[C>A]C	3.45E-04	6.96E-04	2.05E-04	1.46E-03	1.07E-03	5.79E-04	8.38E-04	1.28E-03	3.88E-04	1.36E-03
T[C>A]G	3.09E-10	4.15E-05	2.01E-04	3.33E-04	3.23E-04	2.55E-04	1.30E-04	3.13E-04	3.47E-05	5.10E-04
T[C>A]T	5.25E-04	8.29E-04	2.88E-04	3.10E-03	1.87E-03	8.08E-04	8.52E-04	2.29E-03	9.99E-04	2.52E-03
T[C>G]A	1.80E-04	6.13E-04	3.49E-04	1.71E-03	8.45E-04	6.05E-04	8.01E-04	1.01E-03	2.80E-04	1.42E-03
T[C>G]C	2.08E-04	4.42E-04	8.88E-05	1.08E-03	7.00E-04	4.61E-04	9.88E-04	6.91E-04	3.40E-04	8.75E-04
T[C>G]G	7.83E-10	1.09E-04	8.67E-05	1.90E-04	3.28E-04	6.78E-05	5.28E-04	4.09E-04	4.65E-05	4.74E-04
T[C>G]T	4.36E-04	8.33E-04	3.36E-04	2.40E-03	1.39E-03	8.79E-04	8.47E-04	1.88E-03	6.15E-04	2.24E-03
T[C>T]A	3.98E-04	6.70E-04	5.89E-04	2.74E-03	2.12E-03	6.92E-04	6.27E-04	2.37E-03	6.31E-04	2.13E-03
T[C>T]C	4.69E-04	1.21E-03	6.91E-04	2.67E-03	1.21E-03	6.79E-04	1.12E-03	1.62E-03	5.40E-04	2.40E-03
T[C>T]G	1.66E-04	5.11E-04	5.50E-04	9.59E-04	5.59E-04	1.13E-03	1.96E-04	8.58E-04	1.93E-04	1.61E-03
T[C>T]T	4.74E-04	1.38E-03	7.47E-04	2.40E-03	1.28E-03	8.76E-04	1.18E-03	2.13E-03	8.63E-04	2.31E-03
T[T>A]A	4.20E-04	9.02E-04	9.48E-04	1.09E-03	5.60E-04	6.50E-04	9.83E-04	1.01E-03	4.57E-04	2.06E-03
T[T>A]C	6.82E-05	6.46E-04	2.75E-04	1.01E-03	1.02E-03	3.70E-04	4.52E-04	1.97E-04	3.42E-04	1.13E-03
T[T>A]G	9.05E-05	5.03E-04	2.66E-04	6.20E-04	6.33E-04	2.01E-04	5.15E-04	4.12E-04	2.58E-04	6.33E-04
T[T>A]T	3.95E-04	7.48E-04	9.84E-04	1.45E-03	1.07E-03	4.07E-04	8.53E-04	5.67E-04	8.52E-04	1.57E-03
T[T>C]A	9.18E-05	8.37E-04	3.42E-04	1.21E-03	7.11E-04	4.29E-04	9.70E-04	1.44E-03	4.38E-04	1.53E-03
T[T>C]C	1.54E-04	5.99E-04	3.16E-04	8.62E-04	9.92E-04	4.87E-04	6.01E-04	5.16E-04	5.90E-04	1.07E-03
T[T>C]G	4.88E-05	4.84E-04	3.16E-04	8.93E-04	8.56E-04	3.61E-04	2.16E-04	5.29E-04	1.25E-04	1.04E-03
T[T>C]T	5.68E-04	9.86E-04	1.27E-03	1.82E-03	5.35E-04	4.38E-04	1.37E-03	9.01E-04	4.82E-04	2.05E-03
T[T>G]A	1.54E-04	5.42E-04	2.38E-04	7.34E-04	5.48E-04	1.20E-04	4.49E-04	8.74E-04	3.38E-04	9.10E-04
T[T>G]C	1.31E-04	2.83E-04	1.10E-04	4.93E-04	3.32E-04	1.57E-05	1.88E-04	5.50E-04	2.40E-04	5.75E-04
T[T>G]G	1.65E-04	6.28E-04	1.38E-04	7.98E-04	7.32E-04	2.49E-04	4.45E-04	8.73E-04	2.72E-04	1.07E-03
T[T>G]T	3.53E-04	3.08E-04	9.50E-04	1.84E-03	7.46E-04	1.30E-04	5.93E-05	1.24E-03	8.35E-04	1.05E-03
