MutationType	SBS96A	SBS96B	SBS96C	SBS96D	SBS96E	SBS96F	SBS96G	SBS96H
A[C>A]A	0.003415124391322024	0.009049874853808433	0.04314934240654111	0.029945040680468084	0.006320919131612754	0.021085502570495008	0.006525187522056513	0.008390890539158136
A[C>A]C	0.0005810802505948232	0.004228844088538608	0.01528682411648333	0.029465023148804902	0.026671447285916656	0.013623277763836086	0.0020909424539422615	0.0069180338480509815
A[C>A]G	0.0027747299685142936	0.0013831805952213472	0.0041101722908206285	0.0022841499985952396	0.000562410242127953	0.0030030202318448575	1.3354409806320967e-08	0.0025534209268810314
A[C>A]T	0.0004967867298088939	0.014316838307651665	0.016852628169581295	0.031365136643871666	0.006908674312289804	0.010642397478059139	0.00643160332692787	0.0011391915767819682
A[C>G]A	0.008901166799478232	0.0065601165627595034	0.012308307313360274	0.012580495167057962	0.0022511179191042176	0.0074041207873960955	0.0016063606788946539	0.031686651185154915
A[C>G]C	0.006862886156886816	0.006334166983142495	0.0076682418817654256	0.004232150928582996	0.0026884087623329834	0.005247547639883123	2.311893765354761e-08	0.0030070091782869214
A[C>G]G	0.003235723645193502	0.001929099712288007	0.00048351295830798333	0.003248351483271108	0.0006782780480421477	0.005704118020512397	0.0020848276488237617	5.246354167697254e-05
A[C>G]T	0.012301359036937356	0.010015027043991723	0.006546268162783236	0.011136457521934063	0.004788885163143277	0.008533159028884256	0.0023705174080443925	0.005901766210154164
A[C>T]A	0.01805122969672084	0.01595941620413214	0.018622785825282335	0.02445371356792748	0.002441568584001145	0.030404344424605368	0.007393371092621237	0.09775605641305446
A[C>T]C	0.013175924140959978	0.0072912863187957555	0.010530585269443692	0.01855945946648717	0.0037034640042111276	0.0075412709033116695	0.0014312067860737443	0.004746665499988012
A[C>T]G	0.016752124511356062	0.019517910424745873	0.011420738564894655	0.016568178500498333	0.010942114249337465	0.20395458355545998	0.01715312444139272	0.002607034662029415
A[C>T]T	0.023405518289655446	0.010833882817532867	0.013361878851428628	0.022585073420777917	0.0072195109305903315	0.021066954722627998	0.005942849416751415	0.005888823251589201
A[T>A]A	0.00596253462601453	0.004484132854938349	0.007335806845949264	0.01574873838573694	0.0061255722306668755	0.01050490721827373	0.007067760217469185	0.0051082684943685305
A[T>A]C	0.0009172429545014893	0.00830253196065314	0.00093397611140972	0.010293225622735918	0.005995637571904808	0.003628318612387318	0.0021986283439876433	1.8781670938494698e-08
A[T>A]G	0.00707852216437459	0.00589041180384811	0.002446827315583702	0.012922729020938278	0.002471657657451942	0.006487563099944964	0.003403536227504418	0.004358061862999421
A[T>A]T	0.0045549547823611645	0.012906131632626057	0.012177522296551615	0.011578203902207634	0.007449958324432373	0.017340169800445438	0.013881730143912136	0.02903686217032373
A[T>C]A	0.029534266125410796	0.01884885139763355	0.025198130002245307	0.015739148687571286	0.00207861967421195	0.0048657117154652955	0.007672352262306959	0.027177194012328983
A[T>C]C	0.019008488086983563	0.0038314329933928095	0.006981621903833002	0.009335572560084984	0.0005603795603332174	0.0032304474364815406	0.007375961584039033	0.001351890212590945
A[T>C]G	0.026146677527576684	0.009126475971133913	0.009742268805857747	0.00641060036374256	0.00013492456040694378	0.006751834180467995	0.003991549229831435	0.005068122146142571
A[T>C]T	0.029442725740373134	0.014755018685827964	0.013812495185993612	0.020486593302339314	0.0053566813818179074	0.01230279658921063	0.009304224038496614	0.006516346487624105
A[T>G]A	0.008142784256488084	0.002772209958781944	0.0020256221816998734	0.006736662285402417	0.0028668704599840566	0.0010288488048900036	0.003433903931483968	0.003904405498178676
A[T>G]C	0.004095524286385626	0.00015866211787427835	0.0018872650222328958	0.0031787967120908435	0.0007496256327431216	0.0007559971589273573	0.004284957926720381	0.0011867695916756916
A[T>G]G	0.005291439519496634	0.006914925700984895	0.003098972504341191	0.004602216218740978	0.0015409257262581377	0.002470768641796894	0.0023500502324390383	0.00469604603946209
A[T>G]T	0.005267723110737279	0.005523877047817222	0.009027784769423307	0.00022959599174214105	0.0005525991724061896	0.0018645858491859713	0.033879684563726184	0.0035825891660107344
C[C>A]A	0.004252228725235909	0.01532778875727672	0.040615261495113374	0.021870548259466886	0.02372647952288389	0.0048180272469471675	0.0038343498326139525	0.009673469350673258
C[C>A]C	0.003599520778370788	0.003668914301002619	0.011796260257251561	0.02391595452092588	0.019116120841354133	0.0015668147689029866	5.088493435501107e-09	0.01420357069466263
C[C>A]G	0.007888250844553113	0.0007963970319542569	0.0034223437000764534	0.0004786977898402256	0.002006422193371691	0.004026141469657887	7.209161864141222e-09	0.0024550789018143605
C[C>A]T	1.8503218016121536e-05	0.006997067612104502	0.04112137958407402	0.014640760226175189	0.04713723637163639	0.011460434729233384	0.004530250249663368	1.3077895317792353e-08
C[C>G]A	0.0037213862675707786	0.003559456199941593	0.008135576667264104	0.012875495157204568	0.0015837964356978772	0.0030438513148692437	0.001867307421453166	0.0002636061162097425
C[C>G]C	0.003244890783680603	0.0032840449851651997	0.0067630301904864605	0.009001384763978422	0.0018706335311969725	0.0016877470818144503	0.0019712593664642595	0.002451324750953745
C[C>G]G	0.007326453644782305	0.0013034535449514806	0.0006113158675861996	0.0010470319473827225	0.0004079205346897652	0.002729783634567866	0.0006783488108383629	0.0009575806984230084
C[C>G]T	0.0030323748785303904	0.005821432305820054	0.007578403236111626	0.01624986596405506	0.003810456591691036	0.0009181020536533424	0.004885886262054555	3.374756127576083e-05
C[C>T]A	0.018248173091560602	0.024507288702297955	0.016910248410422355	0.006486136838502716	0.030017224531620743	0.01563208441250026	0.003735952949500643	0.011410477708559484
C[C>T]C	0.01526360061019659	0.008046580120935686	0.00845553683495382	0.0	0.13834431432187558	0.009519098319807887	0.0042862396780401464	0.003525570595570584
C[C>T]G	0.02515510824508965	0.018774972138926385	0.009076049679424613	0.00852518905987381	0.009884369261562824	0.10934740908443928	0.008428897105623036	0.0037604359165675305
C[C>T]T	0.017536989208310844	0.020446586534380914	0.00454990644808304	0.017726571913808584	0.11519510038197041	0.009018714620638094	0.007405374051304534	0.004221373647384894
C[T>A]A	0.0017692080355771439	0.0019059900556476666	0.0008804351010076061	0.012442397731356324	0.0322470018453896	0.0004386682059231936	5.680007286734679e-10	0.004332596026341804
C[T>A]C	0.0015945632567672874	0.001423105102601317	0.001566957056654772	0.008388185634976253	0.02650901274755597	0.0066449652925075495	0.005685169927310199	0.02582006571814418
C[T>A]G	0.01394461827352643	0.0030748556675825964	2.2835374089709148e-05	0.007052492864895612	0.03325354516506195	3.176608061380648e-05	0.005612762620439753	0.005779268890114509
C[T>A]T	0.0024324774312663067	0.0025634596611052982	0.004840740445652045	0.01797239889856428	0.045908967796713114	0.007733041265746579	0.024036904759705068	0.005796771546028836
C[T>C]A	0.028440237697213887	0.007321320365881547	0.0067501093581086025	0.003564232584030833	0.0060025699622929096	0.0008405575641700125	0.002897320064948872	0.000748315222337368
C[T>C]C	0.020777753181755544	0.00576291358560411	0.005037284803111106	0.016009190282784403	0.007543406008044258	0.0027733046138907424	0.021078338595107198	0.004447833560289212
C[T>C]G	0.028152526393532752	0.0073041751491837205	0.005945189598714933	0.003012715019649477	0.0063545489800162615	0.0022088799774337533	0.014223605049774051	2.121482864936297e-09
C[T>C]T	0.026357052382081747	0.0074551283082476515	0.002802216478801307	0.0021399813532723255	0.011213114489801229	0.0013582065940952184	0.09786575749516487	0.016593448468483984
C[T>G]A	0.005976322055794299	0.0026329029422784843	0.0036485656933068363	0.0025086383037341876	0.0018804470050963573	0.001405843638924581	0.00551174103282392	2.4716439244176767e-08
C[T>G]C	0.004283038196153939	0.0010049394822453906	0.0035592177588841876	0.0011347147906781174	0.0011700737162755105	0.0005506501963105847	0.017469086237251758	0.003942224818252491
C[T>G]G	0.007844798332080245	0.004984976972336881	0.0013638866612637913	0.006917029274627566	0.003081531192874536	0.0032778468027572787	0.0067824806435965	0.00027869430109340955
C[T>G]T	9.685940014510191e-08	0.00029421158751429113	0.0002795155377898473	0.0034434994784859896	0.0010394867288798521	2.733911933461286e-07	0.2541021949052811	1.9029315698304572e-07
G[C>A]A	0.00935959146823734	0.006974497653900471	0.060134815387427806	0.019187018998200075	0.012474295843858271	0.00769390256042243	0.003293882646248676	0.005252123001671976
G[C>A]C	0.0010441641479640754	0.003266022157115955	0.0127998714777641	0.016530249356292187	0.04264018339454197	0.00026144403658690863	0.0021791556861717252	0.0031050869844102633
G[C>A]G	0.008047526930458843	9.931891690939665e-05	0.0032411614805459977	9.700978698674589e-05	0.0011566964054509298	0.001742679686950197	2.5148541069608398e-08	0.0017260368230320822
G[C>A]T	0.006190009277779609	0.00650414313758082	0.04436982510611415	0.01540539156179875	0.006300448604160919	0.0024523982920608488	0.0028438524832187363	0.0026778215825665084
G[C>G]A	0.006295659926254302	0.0035266947124546278	0.0030622526671845664	0.009685034507419914	0.0022742757538799195	0.00035292779954033905	0.001482258974905233	0.0026403009185752067
G[C>G]C	0.00893121235538274	0.000936379174819848	0.001913504107603643	0.006397294924416883	0.018740751197328792	2.3006804441578766e-05	0.0006107123615193167	7.613107939096863e-05
G[C>G]G	0.002871197247877717	0.0005268014196735749	0.0007214561857108492	0.0012996766604919685	0.000679608819555142	0.0007551022013068999	3.793114020128385e-05	0.00341709718749275
G[C>G]T	0.005568852424621582	0.006212114316294901	0.0014757898034440586	0.01013713048538193	0.004146251552738249	0.002314819318726222	0.0010163364773162797	0.0020255813326241425
G[C>T]A	0.01884082625620067	0.01578778331633657	0.00981469701975584	0.02568865628913045	0.010434011770412326	0.01518629769794643	0.0032928074727533387	0.002742912648263882
G[C>T]C	0.01695289242081344	0.01303197850473225	0.00958523238543421	0.014387852726504207	0.012142757382243873	0.013118840279057622	0.0051676969404798	0.0012277878531313036
G[C>T]G	0.014435178674024201	0.037821671711280945	0.0036847861977656903	0.005687254965970708	0.00813296240821872	0.12072005122900009	0.011448302012868226	0.014720262802438811
G[C>T]T	0.027484642136842014	0.005613405026142573	0.006156111242598854	0.03302030311897397	0.009443104949314147	0.011737240593647584	0.0049192506843473895	0.0033338284027297506
G[T>A]A	0.004454374425113201	0.00255675618936948	0.0015577854070761533	0.008482724670320749	0.004600813379511237	0.0017638914623171332	6.119327054747714e-06	0.00032283072121540356
G[T>A]C	0.0016716096698223737	0.004873235980921891	0.000910498710122738	0.0054958167963195595	0.00435190606629476	0.001641263774520514	0.002994573261553093	1.562828239265457e-08
G[T>A]G	0.008463468751870096	0.00037177702688154154	0.00016066734242485835	0.008018963946960866	0.0023356870538555085	0.0003745236798557613	1.5681389253785482e-09	0.016475185938179492
G[T>A]T	0.0033670760097447784	0.006995394347468391	0.0007181719380233208	0.014702498083934187	0.003206238668935839	0.004133629204297904	0.005780814554309472	0.0036288250761981546
G[T>C]A	0.02161474332213402	0.01079988873214461	0.008328872271231375	0.010847237293492072	0.001662078055991838	0.0030816881352075144	0.008193194922059775	0.00247200930894067
G[T>C]C	0.0173091484233737	0.0028520667066925932	0.0018680764652162906	0.003477038003038615	0.012860808447003364	0.0075856082630343736	0.010327666990924626	0.0014908495166197611
G[T>C]G	0.016980418283492327	0.004004418335098308	0.000785953787235485	0.0019184602149471175	0.0019273689333931543	0.0033680633365531774	0.005392721622483805	0.031547921132296326
G[T>C]T	0.034629978556185964	0.009761441964656115	0.006697676640833379	0.0038374176537035965	0.0068536023539490995	0.00673420537612401	0.007928793294122443	0.0023845190711347186
G[T>G]A	0.007574724503792822	0.0015199998991738538	4.779089009389281e-05	0.0029999757922951177	0.0006457110906740127	0.0016722568487011814	0.0006262329068754291	3.5754811733568206e-08
G[T>G]C	0.0038368563423864543	0.0011322314089193242	9.888741876011409e-05	0.0017840274874470197	0.003450634963810444	0.0006112851951235183	0.004774813033873215	4.531706031318805e-08
G[T>G]G	0.007808973365463316	0.0012938940558728973	0.0009556025230801879	0.005333894438808784	0.003410357227548957	0.0036857464862987397	0.002845272186330945	0.0015042616693699534
G[T>G]T	0.0043363595334813	0.004532240615226328	0.0035179390631674325	0.002957543180527864	0.001335363340949698	0.0008662896228856908	0.06463357526808977	0.0005519666829371417
T[C>A]A	0.00583364627964329	0.018798606737982483	0.055601121373474595	0.01704791175550781	0.007848108148318716	0.003611731175683417	0.0037165630399249496	0.0018681424017524867
T[C>A]C	0.004681997543666511	0.009477312249946407	0.03084188399836421	0.02033069433644414	0.014203230326529592	0.001698875226926475	0.00565066791838035	8.364966177509814e-09
T[C>A]G	0.0027359572728164494	0.0022798228808770206	0.005668059557210654	0.000933461618697038	0.00021617564740154194	0.0003849084017684502	1.7471053506690204e-08	1.1885985154336254e-07
T[C>A]T	0.0008775916983677812	0.03233329840935767	0.09321114435791969	0.015313386545593444	0.01554157218663022	0.007639087509503497	0.007715447065420449	0.008782680281928919
T[C>G]A	0.0074706651039014105	0.034730597131419925	0.009041652177402285	0.0060509338047995695	0.0056003156537190076	0.002014066879109013	0.0038660002645337956	0.002544087941293185
T[C>G]C	0.006397148841060698	0.01715316249639727	0.007670764377107844	0.005880452684941702	0.0030328641418600455	0.0015561102719095744	0.001696463872384495	0.0026976066154020375
T[C>G]G	0.003920883552636951	0.0013691210528486409	0.0010124682987134293	0.0011029947777421968	0.000650419514895475	0.0021008901542793976	0.0008818005702859332	0.0014942156519474636
T[C>G]T	0.005719356354750624	0.05106059855083003	0.02353212592191994	0.018076602732762695	0.010176967263687402	0.000406214674355212	0.0020803415927424496	0.007920376545705352
T[C>T]A	0.009215135656033045	0.07563503924058751	0.025333856451325118	0.01157934630253337	0.00505001810518479	0.00862374252305017	0.004427857970586047	0.005036000690270157
T[C>T]C	0.013072465010918678	0.05034292384982109	0.012118539567106061	0.013318741309340111	0.0150337253510952	0.012657713498556404	0.004109529370325617	0.010355585333891214
T[C>T]G	0.013697554422542453	0.017424478416796774	0.0070436728890136795	0.008377577850478702	0.003061951762247408	0.08471729345619679	0.0071517456136643886	0.0098028046451509
T[C>T]T	0.01348638400027994	0.08252616084646433	0.014474889266356525	0.01290914833940823	0.021001146975904703	0.013169136552234022	0.007538259519496933	0.0070932124128376016
T[T>A]A	0.0009583169490055718	0.00912163118298908	0.009164985992829316	0.008368731144291814	0.004644037289908002	0.0035243549141210904	0.006926079480908811	0.13991136126220227
T[T>A]C	0.0017476467547203355	0.003832026880762312	0.005362999869976193	0.014498075675219298	0.0023517234335758987	0.0011245529599874392	0.003936236072666866	0.0036786676118894636
T[T>A]G	0.0063191927224397655	0.002303299573533596	0.0017444801150850254	0.008637363051529973	0.0024115326086757705	0.00258252700426965	0.0015610978761505167	0.002633230033917755
T[T>A]T	0.0006917437635241707	0.008616012470592977	0.008008457834948786	0.02663210012950003	0.007599438773468137	0.011063945018395315	0.011028307385277002	0.07977679993957282
T[T>C]A	0.025363870207220317	0.016096341101219876	0.01617057427414693	0.010046451659873128	0.004075375799875474	0.0037477945799037115	0.005476971979951486	0.003858891005073701
T[T>C]C	0.03168021269142628	0.014187157195992768	0.0015761219365416457	0.009450184771558269	0.004466347938287072	0.005210107369337749	0.010446624320466072	0.015289546775165945
T[T>C]G	0.016858833441510797	0.007925285833599567	0.0028566210399003466	0.0033630641270428895	0.0017108321122941562	0.0028445916949931416	0.004421817612019367	0.004678872617273839
T[T>C]T	0.02791202876716852	0.012941035369876772	0.008569541323461181	0.0009697218086136416	0.007808459134976147	0.0003783481043501524	0.012579514128156007	0.13052518263459206
T[T>G]A	0.011073278388939798	0.0019784847446914	0.006409160199109465	0.006926886908477172	0.0024439471421646886	0.0004644001761516847	0.007550380420871079	0.0018021899595451352
T[T>G]C	0.008417923832312227	0.002145415868147893	0.0036640575842466203	0.0019465790533286054	7.179305232057231e-05	0.0010408103852409317	0.005033410579198971	0.0012392433903539058
T[T>G]G	0.012552197389304638	0.006577976376283914	0.006245975341880694	0.004422189410543069	0.003482132479548454	0.0034792392989766085	0.005354192233855883	0.0021104472904637816
T[T>G]T	0.004989784884965047	0.010953790272469632	0.011327568321721628	0.005350499839405529	0.0019479275088560212	0.0036079390118040067	0.07829109404236079	0.07024701498448849
