MutationType	AX4912_vs_AX4894	AX4914_vs_AX4895	AX4915_vs_AX4895	AX4916_vs_AX4896	AX4918_vs_AX4897	AX4921_vs_AX4898	AX4922_vs_AX4899	AX4923_vs_AX4906	AX4924_vs_AX4901	AX4925_vs_AX4901	AX4926_vs_AX4904	AX4927_vs_AX4905	AX4928_vs_AQ5174	AX4929_vs_AQ5174	AX4930_vs_AX4900	AX4931_vs_AX4907	AX4932_vs_AX4908	AX4933_vs_AX4909	AX4934_vs_AX4909	AX4935_vs_AX4910	AX4936_vs_AX4911	AX4937_vs_AX4894	AX4938_vs_AX4896	AX4940_vs_AX4904	AX4942_vs_AX4898	AX4943_vs_AX4898	AX4944_vs_AX4897	AX4945_vs_AX4898	AX4946_vs_AX4895	AX4947_vs_AX4895	AX4951_vs_AX4903	AX4958_vs_AQ5174	AX4961_vs_AQ5174	DIAF_vs_BLOOD	HK_vs_BLOOD	LNMETA_vs_BLOOD	LN_vs_BLOOD	OMEN_vs_BLOOD	PABKLN-01A_vs_PABKLN-11A	PADWRZ-01A_vs_PADWRZ-10A	PADYZI-01A_vs_PADYZI-10A	PAEHIP-01A_vs_PAEHIP-10A	PAJLWM-01A_vs_PAJLWM-11A	PAJMBW-01A_vs_PAJMBW-10A	PAJMRB-01A_vs_PAJMRB-11A	PAJNER-01A_vs_PAJNER-11A	PAJNFP-01A_vs_PAJNFP-11A	PAJNFZ-01A_vs_PAJNFZ-10A	PAKHTL-01A_vs_PAKHTL-11A	PAKLYZ-01A_vs_PAKLYZ-10A	PAKTCT-01A_vs_PAKTCT-11A	PARECB-01A_vs_PARECB-11A	PAREWI-01A_vs_PAREWI-11A	PARGRN-01A_vs_PARGRN-10A	PARIRN-01A_vs_PARIRN-10A	PARPFY-01A_vs_PARPFY-11A	PARRCL-01A_vs_PARRCL-11A	PARTKH-01A_vs_PARTKH-10A	PARUGK-01A_vs_PARUGK-10A	PARZBI-01A_vs_PARZBI-11A	PARZRH-01A_vs_PARZRH-10A	PASABD-01A_vs_PASABD-10A	PASADZ-01A_vs_PASADZ-10A	PASCDH-01A_vs_PASCDH-10A	PASDLA-01A_vs_PASDLA-11A	PASGCL-01A_vs_PASGCL-10A	PASRHU-01A_vs_PASRHU-10A	PASVDP-01A_vs_PASVDP-10A	PASWZZ-01A_vs_PASWZZ-10A	PASXNA-01A_vs_PASXNA-11A	PASYNF-01A_vs_PASYNF-10A	PASZYE-01A_vs_PASZYE-10A	PATAFT-01A_vs_PATAFT-10A	PATBLF-01A_vs_PATBLF-10A	PATDVL-01A_vs_PATDVL-10A	PATENH-01A_vs_PATENH-11A	PATFXW-01A_vs_PATFXW-10A	PATFZZ-01A_vs_PATFZZ-10A	PATXEE-01A_vs_PATXEE-10A	PATXKA-01A_vs_PATXKA-10A	PAUCGJ-01A_vs_PAUCGJ-10A	PAUDPV-01A_vs_PAUDPV-11A	PAUEKW-01A_vs_PAUEKW-10A	PAUFVP-01A_vs_PAUFVP-11A	PAUGYZ-01A_vs_PAUGYZ-10A	PAUHAZ-01A_vs_PAUHAZ-10A	PAUNPA-01A_vs_PAUNPA-11A	PAVCKS-01A_vs_PAVCKS-11A	PAVITI-01A_vs_PAVITI-10A	PAVYDM-01A_vs_PAVYDM-11A	PAVYKD-01A_vs_PAVYKD-10A	PAWDGA-01A_vs_PAWDGA-11A	PAWFBL-01A_vs_PAWFBL-11A	PAWFWK-01A_vs_PAWFWK-10A	SJBT030128_D1_vs_SJBT030128_G1	SJBT030255_D1_vs_SJBT030255_G1	SJBT030581_D1_vs_SJBT030581_G1	SJBT030707_D2_vs_SJBT030707_G1	SJBT030896_D1_vs_SJBT030896_G1	SJBT030997_D1_vs_SJBT030997_G1	SJBT031235_D1_vs_SJBT031235_G1	SJBT031605_D1_vs_SJBT031605_G1	SJBT031948_D2_vs_SJBT031948_G1	SJBT032047_D1_vs_SJBT032047_G1	SJBT032346_D1_vs_SJBT032346_G1	SJBT032393_D1_vs_SJBT032393_G1	SJBT032417_D2_vs_SJBT032417_G1	SJBT033133_D3_vs_SJBT033133_G1	SJBT033236_D2_vs_SJBT033236_G1	SJBT034089_D1_vs_SJBT034089_G1	SJBT034110_D2_vs_SJBT034110_G1	SJMRT014754_D1_vs_SJMRT014754_G1	SJMRT015723_D1_vs_SJMRT015723_G1	SJMRT063832_X1_vs_SJMRT063832_G1
A[C>A]A	25	16	45	12	43	24	52	57	3	13	0	18	26	3	29	2	17	5	10	21	8	26	6	22	53	58	42	20	133	108	1	88	84	36	0	48	32	20	11	21	16	9	8	7	4	4	19	10	8	41	22	8	6	13	15	5	12	9	3	14	29	15	7	11	8	8	5	7	5	10	7	7	6	18	10	14	14	23	10	12	23	3	19	20	17	7	15	24	17	9	4	10	22	9	7	25	28	6	15	3	2	78	97	0	11	40	2	0	2	3	4	29	12	100
A[C>A]C	19	16	62	2	18	11	138	39	0	7	2	27	27	2	18	4	13	16	4	45	4	18	3	20	18	18	25	13	53	48	9	45	49	38	0	43	23	23	8	6	5	4	2	3	2	4	12	4	11	25	20	4	9	3	12	17	6	8	4	5	10	5	6	4	2	9	4	6	6	7	2	3	9	5	2	7	6	7	12	7	7	4	15	4	14	7	16	16	13	9	5	6	8	2	2	22	13	2	22	3	1	78	142	0	5	34	10	0	0	0	4	41	12	98
A[C>A]G	3	5	2	0	3	3	6	11	1	5	0	4	6	0	3	3	2	1	0	2	1	4	0	0	4	5	4	4	16	14	2	11	12	3	0	1	1	1	0	0	1	2	2	0	2	1	0	2	2	2	4	0	1	0	0	2	2	0	0	2	2	1	1	1	0	2	0	2	0	0	2	0	1	3	2	0	3	3	0	0	2	0	5	1	0	2	0	2	4	2	0	4	0	1	2	9	2	0	1	1	0	8	9	0	0	8	1	0	0	0	0	2	3	39
A[C>A]T	18	15	43	3	35	18	59	39	0	14	1	10	15	0	16	0	12	16	4	39	8	25	6	14	28	31	38	13	72	55	4	52	47	25	0	25	20	14	6	7	8	2	3	9	1	3	11	6	6	36	17	6	6	15	11	10	6	7	7	8	11	8	12	5	6	6	2	4	2	7	6	5	5	7	2	9	11	15	11	2	14	7	12	9	14	10	10	15	6	10	7	7	13	9	0	28	12	2	8	1	1	81	73	0	10	27	7	0	1	1	3	28	8	72
A[C>G]A	14	15	35	11	25	14	25	30	7	10	8	16	22	5	15	6	16	10	15	21	8	13	2	5	26	27	24	8	47	48	7	31	42	25	0	31	19	17	5	8	3	3	4	2	1	2	6	4	6	18	11	3	7	3	4	8	5	5	3	4	6	5	5	5	3	6	1	6	1	9	5	4	9	5	6	5	7	4	6	4	8	3	12	7	5	3	4	13	7	2	6	6	11	4	5	11	5	2	10	4	1	53	42	0	4	18	3	0	0	0	2	10	12	144
A[C>G]C	10	7	17	3	14	6	13	11	1	0	0	7	11	1	3	1	8	10	5	3	5	11	2	3	6	9	16	7	35	38	1	18	21	13	0	9	11	9	7	7	1	3	1	0	0	1	2	3	7	6	6	2	3	5	2	3	2	2	1	6	2	0	4	1	0	1	2	0	4	2	1	4	2	6	2	1	1	3	4	1	3	2	6	3	6	2	3	4	5	2	1	5	5	1	2	5	4	0	7	1	1	22	25	0	3	11	0	0	1	0	3	7	1	96
A[C>G]G	5	2	5	4	4	1	4	6	0	5	0	6	0	0	1	0	1	2	4	5	4	4	3	3	3	3	5	1	6	6	3	4	4	6	0	5	5	6	2	0	4	2	1	0	2	0	0	0	3	9	1	1	1	0	1	1	3	2	4	1	0	2	1	1	0	0	1	0	1	1	1	3	2	0	2	4	3	6	0	0	0	2	3	5	1	1	3	2	1	3	1	2	1	1	0	15	5	0	1	1	2	4	10	0	1	2	1	0	0	0	0	2	5	49
A[C>G]T	23	8	29	4	27	10	19	15	1	5	2	9	11	1	6	0	10	17	2	7	6	22	0	11	14	16	27	5	47	43	4	30	36	19	0	14	15	9	8	8	3	1	0	2	2	5	9	8	5	12	10	4	1	4	3	7	5	12	6	2	5	2	2	7	4	2	2	5	4	6	1	6	8	4	4	7	4	3	5	8	5	2	8	3	5	2	4	9	5	12	5	5	8	6	3	9	6	1	21	4	1	49	38	0	5	17	3	0	0	1	2	5	10	171
A[C>T]A	48	26	56	40	50	31	47	90	23	35	19	36	44	19	36	19	31	32	29	37	23	35	7	8	43	39	43	16	102	97	21	70	65	53	2	59	47	37	23	14	11	11	9	12	10	5	21	20	21	37	28	8	12	10	28	13	13	15	5	21	25	12	18	8	6	14	7	3	11	9	9	17	12	20	9	18	17	15	16	12	18	10	33	19	22	7	15	19	22	14	8	26	15	16	4	27	19	3	15	12	1	123	79	0	15	56	5	2	4	1	6	30	23	339
A[C>T]C	17	13	32	4	19	12	25	56	1	6	0	17	22	2	5	4	7	20	2	15	3	18	3	16	12	12	28	6	52	51	14	40	42	36	0	41	18	20	5	5	4	2	4	3	3	1	5	1	9	10	9	2	5	6	13	6	10	3	4	7	9	6	9	8	1	3	2	5	1	6	0	3	9	7	5	9	1	5	9	4	15	1	18	8	2	3	5	6	9	5	1	8	4	1	1	8	12	3	11	3	1	70	49	0	10	20	4	0	1	0	4	14	6	189
A[C>T]G	70	35	64	24	81	46	67	37	3	20	0	30	47	1	66	8	80	12	14	37	27	68	19	37	52	52	91	38	64	62	83	66	61	62	2	64	73	58	31	31	25	24	23	13	32	13	23	38	54	35	43	15	24	17	46	26	23	26	25	33	33	19	27	45	18	38	25	21	22	31	28	30	16	32	19	52	42	36	49	18	24	10	100	45	31	29	39	61	37	24	22	19	27	27	26	48	113	15	49	32	24	83	78	0	77	283	23	1	13	12	17	38	42	339
A[C>T]T	16	15	56	10	33	14	32	69	3	13	1	17	22	0	16	1	8	25	6	18	10	30	5	19	28	30	33	10	69	70	25	48	43	37	0	43	26	25	15	12	12	5	6	6	4	6	15	11	15	21	16	8	11	8	18	4	6	10	5	8	17	6	13	8	2	6	4	9	4	7	7	2	12	11	3	7	12	14	17	1	13	3	18	13	14	4	11	25	17	10	5	13	8	10	5	17	21	4	30	12	4	68	59	0	8	34	7	0	4	3	4	31	11	355
A[T>A]A	14	7	31	8	27	9	31	45	2	4	1	18	19	0	8	2	10	4	7	8	2	12	3	8	21	20	26	3	34	32	5	23	23	23	0	20	9	10	6	7	6	2	4	6	4	4	4	9	7	6	6	4	2	3	7	4	4	1	1	6	9	3	6	9	3	4	0	4	0	8	5	2	7	6	1	6	7	4	10	6	14	1	7	7	7	4	2	9	4	6	2	2	3	4	1	11	11	1	10	5	1	27	65	0	5	26	2	0	2	1	2	16	6	108
A[T>A]C	13	5	15	3	13	2	21	14	0	6	0	9	7	0	5	0	5	15	0	16	1	13	1	6	11	10	15	3	14	14	2	10	12	11	0	15	2	8	4	1	4	1	2	1	2	0	9	1	0	7	3	1	2	7	10	3	3	0	2	5	6	0	1	1	2	3	2	1	3	1	2	3	4	5	0	2	5	5	4	0	2	5	8	5	4	4	4	8	2	6	4	2	4	3	0	7	2	1	14	2	0	22	42	0	1	6	5	0	0	1	1	6	4	51
A[T>A]G	16	7	23	2	17	5	17	22	0	5	0	11	12	1	6	4	3	19	9	6	5	13	1	7	10	5	17	4	22	22	8	21	15	10	0	24	8	14	4	3	3	2	1	4	1	1	2	5	5	8	8	0	1	4	4	7	3	9	2	2	4	3	9	0	2	4	0	3	1	7	2	2	2	5	0	2	2	4	6	9	5	5	7	8	2	1	3	6	8	5	3	3	6	2	1	9	10	1	10	1	0	25	30	0	2	9	4	0	0	0	3	9	8	113
A[T>A]T	25	18	45	6	32	14	46	39	8	8	2	15	16	8	25	4	9	19	11	20	4	27	5	17	22	24	30	6	72	58	9	24	24	26	0	28	26	15	16	12	13	7	6	9	0	4	14	10	9	13	11	8	8	9	9	18	8	13	2	7	12	3	11	6	3	5	3	6	3	3	5	9	8	6	5	13	4	9	20	5	12	4	14	9	9	4	13	16	12	6	4	16	12	4	1	18	21	0	12	7	3	52	67	0	6	41	7	0	1	2	2	14	14	123
A[T>C]A	35	18	43	13	55	24	26	53	5	23	4	25	57	10	19	7	16	26	14	26	12	27	8	20	74	71	50	17	97	104	18	88	70	40	0	40	26	28	11	10	13	1	4	7	3	5	13	14	21	15	16	4	11	4	7	13	7	6	4	8	12	10	10	10	4	6	2	5	5	10	3	7	14	10	7	10	7	11	15	7	13	3	20	15	10	3	7	10	13	9	2	13	8	7	3	18	26	3	17	13	2	47	58	0	9	33	3	0	1	1	2	24	12	369
A[T>C]C	12	12	24	5	17	7	13	21	0	10	0	15	24	1	5	1	6	3	3	7	2	8	0	11	16	12	17	4	34	39	8	27	25	15	0	19	9	13	4	6	10	1	4	5	2	1	7	7	14	7	4	2	3	5	1	1	5	1	2	1	3	2	2	6	2	4	0	2	3	8	2	6	3	5	3	3	6	7	0	0	5	2	8	5	4	3	5	12	2	2	2	4	1	3	1	17	6	0	0	12	0	40	22	0	3	12	3	0	0	0	1	8	5	229
A[T>C]G	17	4	20	4	30	9	7	25	1	5	1	20	9	1	10	3	4	0	9	12	6	20	5	8	31	25	31	5	51	57	13	28	25	23	0	21	17	17	8	11	5	3	2	4	1	1	4	1	7	14	13	6	4	4	8	2	5	3	6	3	2	2	8	4	3	3	2	10	1	11	1	3	4	9	1	2	7	2	14	3	11	2	19	8	4	3	6	4	2	2	2	6	7	7	2	15	12	1	6	9	2	30	17	0	7	19	1	0	1	0	4	10	6	330
A[T>C]T	29	8	42	2	51	15	29	51	3	12	0	25	47	2	11	1	16	21	7	9	15	27	1	12	41	40	53	11	80	78	15	62	60	28	0	35	28	17	14	9	10	3	3	5	4	5	17	12	12	20	20	2	6	8	9	9	4	12	4	17	14	8	12	9	4	9	2	5	8	7	4	4	4	9	3	7	7	12	11	7	18	4	27	15	4	4	5	16	17	6	8	11	5	3	3	16	21	4	21	5	3	62	77	0	11	30	6	0	0	0	2	9	19	384
A[T>G]A	3	2	13	2	14	4	11	14	0	3	2	9	6	1	4	1	2	8	3	13	5	2	1	5	6	5	12	1	14	18	6	16	24	10	0	12	5	4	5	4	4	1	0	0	1	0	3	2	3	5	7	3	3	1	2	1	1	0	0	1	1	1	2	2	3	0	1	1	1	5	0	6	5	4	1	4	2	3	4	2	2	3	6	2	1	0	3	2	0	4	2	7	2	0	1	11	4	0	6	1	1	13	31	0	3	9	2	0	1	1	2	1	1	116
A[T>G]C	2	1	7	2	4	2	7	6	0	2	0	4	6	0	0	2	2	4	0	2	1	2	1	1	0	1	4	0	13	9	3	9	7	3	0	2	2	4	2	3	5	0	2	2	0	1	3	3	0	5	1	0	3	3	1	3	2	0	1	1	0	0	3	3	1	0	0	0	0	1	0	2	3	0	0	0	0	2	2	2	1	1	2	2	0	1	2	3	2	2	0	2	1	0	0	3	5	1	2	2	0	6	8	0	2	2	1	0	0	0	2	2	1	53
A[T>G]G	8	6	15	0	15	5	10	7	1	5	0	3	3	1	6	4	4	9	1	8	0	12	0	7	7	9	10	2	23	19	2	14	14	7	0	20	11	7	2	1	3	1	1	5	0	3	5	2	4	6	4	0	3	2	4	2	0	2	5	3	5	7	0	2	0	2	0	1	2	3	0	0	3	4	4	1	2	3	6	1	2	2	4	3	2	3	2	6	3	2	3	5	3	1	0	3	2	0	4	2	1	18	20	0	1	7	1	0	1	0	0	5	5	85
A[T>G]T	8	9	16	1	17	10	9	10	1	1	0	3	4	0	1	2	4	7	2	7	9	7	1	3	11	20	27	8	44	43	4	14	19	5	0	8	14	3	19	4	42	2	1	9	2	1	15	6	8	3	8	1	3	10	2	5	6	7	2	1	7	3	4	7	2	2	0	2	4	3	1	1	1	3	2	4	3	3	9	5	8	1	1	2	4	3	0	8	2	1	2	3	1	3	2	3	3	2	1	5	0	20	20	0	4	8	3	0	0	0	1	1	4	91
C[C>A]A	27	14	58	9	44	27	103	63	1	11	1	27	13	3	15	6	10	5	4	29	6	26	6	9	46	45	43	19	125	112	5	83	68	43	0	50	27	27	8	15	9	2	8	5	8	3	16	7	11	57	15	4	9	8	10	16	7	19	7	4	32	5	12	6	9	7	3	8	3	6	6	7	8	17	5	15	9	6	18	3	20	6	18	11	10	7	21	11	13	8	3	12	17	5	7	18	13	0	32	14	3	59	171	0	10	36	6	0	1	1	3	26	19	151
C[C>A]C	14	6	69	5	23	9	41	37	5	13	0	19	16	3	6	10	10	12	7	25	9	12	2	8	22	23	20	7	46	37	6	40	37	16	0	31	14	15	6	4	0	2	1	4	1	3	6	5	3	30	9	3	1	6	9	5	3	6	2	3	8	3	2	1	2	0	3	2	0	8	4	7	6	2	5	4	7	13	8	6	5	3	10	10	7	9	10	13	6	6	3	8	4	1	1	21	7	0	46	3	2	43	147	0	8	16	5	0	0	0	2	18	9	115
C[C>A]G	8	1	5	2	3	4	4	8	0	1	0	3	4	0	2	4	3	0	1	3	4	6	1	0	5	6	4	2	13	15	0	11	15	3	2	3	3	2	1	3	0	1	1	1	0	0	1	0	3	7	2	0	2	2	1	0	0	1	0	1	0	1	1	3	1	3	2	4	0	1	0	1	1	0	3	2	2	1	1	1	3	0	5	1	0	0	4	0	2	2	0	6	1	3	1	0	3	1	6	3	1	10	19	0	4	4	3	1	0	0	1	8	3	106
C[C>A]T	17	13	64	5	28	15	105	40	0	12	0	40	17	0	10	0	4	19	11	56	11	20	7	13	30	26	36	12	123	126	7	65	67	35	0	43	23	22	9	12	6	1	8	13	2	3	19	3	14	35	15	5	9	6	10	10	5	8	4	5	32	3	8	11	5	4	3	10	7	5	9	6	7	13	7	13	10	14	21	11	14	4	10	13	11	11	17	16	13	14	4	13	14	5	4	17	14	0	105	14	3	45	325	0	6	28	8	0	2	1	0	25	11	109
C[C>G]A	8	3	14	1	7	3	16	17	0	6	0	6	21	0	7	1	3	7	1	4	6	10	2	9	7	11	9	2	26	30	2	31	33	14	0	21	13	8	6	3	2	1	1	6	2	1	10	0	6	6	4	3	2	3	2	4	3	3	2	2	7	6	2	2	2	2	0	1	1	3	0	2	3	3	1	7	1	6	3	3	4	0	7	7	1	0	4	5	4	0	2	5	1	2	1	10	5	0	8	1	0	25	20	0	1	11	0	0	0	0	0	8	2	53
C[C>G]C	7	5	14	3	10	2	9	12	1	0	0	3	14	1	5	0	5	9	1	5	3	5	1	5	8	9	9	1	25	25	2	23	24	11	0	21	8	8	1	1	2	1	0	4	2	0	6	2	5	9	1	1	4	2	0	0	3	3	2	3	5	2	1	2	0	4	2	0	1	0	1	2	5	4	0	3	4	7	1	1	2	0	4	7	1	1	4	6	5	4	2	3	4	0	0	7	2	0	8	1	0	20	24	0	0	7	2	0	0	0	0	4	4	51
C[C>G]G	4	2	5	1	5	2	2	0	1	3	0	4	3	0	1	0	2	2	1	3	1	3	0	3	2	2	4	1	9	5	1	6	7	6	0	7	8	5	1	1	2	0	0	0	1	0	0	0	0	3	0	0	1	0	1	2	0	0	1	1	2	2	1	1	0	1	0	0	1	0	1	0	1	2	2	1	1	1	1	2	2	0	2	1	1	0	1	4	0	0	0	3	0	3	0	6	2	2	2	0	0	9	5	0	1	6	0	0	1	0	2	3	1	98
C[C>G]T	13	5	17	2	20	4	19	20	0	3	0	9	19	0	2	1	3	4	1	11	2	14	2	9	13	11	19	3	31	32	6	33	38	7	0	12	4	4	3	4	9	2	0	4	1	0	3	1	4	10	9	0	2	3	4	5	1	6	2	6	5	2	4	6	0	2	2	1	3	6	2	4	6	2	1	8	5	1	4	4	3	2	7	3	3	3	2	7	2	6	0	5	6	3	2	10	2	1	13	3	0	24	37	0	3	6	1	0	1	0	1	9	8	63
C[C>T]A	41	15	42	5	39	28	113	36	2	13	1	28	25	3	16	6	8	28	7	76	14	38	3	22	41	45	40	22	96	80	13	57	51	30	0	31	24	19	12	14	10	4	7	4	7	4	6	7	18	17	15	4	16	6	13	6	7	8	5	8	16	7	10	15	5	10	4	9	5	5	9	8	8	13	3	16	13	10	16	6	11	1	20	10	4	4	11	24	8	5	2	10	9	5	3	14	23	4	23	9	4	89	195	0	9	35	3	0	1	2	5	23	13	344
C[C>T]C	32	18	97	5	33	22	424	46	1	11	1	85	12	1	7	7	5	25	10	263	7	22	6	9	24	24	38	19	68	58	19	29	29	73	0	77	28	39	10	10	6	5	6	8	6	1	12	9	8	19	14	5	4	4	8	6	8	5	6	7	18	5	4	7	2	6	4	10	3	6	4	5	9	11	7	10	1	4	14	6	3	2	16	10	9	6	10	14	19	5	2	9	5	8	2	15	20	3	247	5	0	77	617	0	9	21	18	0	1	1	5	47	17	519
C[C>T]G	83	40	72	8	45	44	49	40	2	19	2	35	32	0	42	4	36	16	16	32	17	70	5	12	45	42	54	26	57	58	44	49	47	44	1	40	54	39	13	26	14	10	20	14	22	10	16	21	36	14	26	5	10	14	24	20	15	11	11	20	29	21	14	20	12	18	16	11	11	12	15	18	10	31	15	32	21	13	34	5	13	8	66	30	19	11	29	36	25	13	9	14	23	16	11	32	51	8	25	22	11	64	64	0	39	135	15	0	7	8	12	29	24	408
C[C>T]T	32	17	122	6	49	25	316	72	0	11	2	85	31	2	14	1	11	43	12	241	11	29	2	16	34	37	48	23	64	59	20	44	49	67	0	93	34	35	18	12	10	6	8	11	4	5	24	6	11	16	17	3	8	8	6	9	15	6	7	10	13	9	13	9	9	16	0	12	4	6	8	5	6	10	11	9	9	18	9	8	17	2	37	14	6	5	11	18	13	7	4	11	11	6	1	28	24	1	168	13	2	81	603	1	11	38	9	1	3	1	2	49	23	493
C[T>A]A	4	3	48	1	8	4	119	35	1	3	0	20	8	1	2	3	1	4	1	64	3	9	0	4	12	9	9	2	9	12	4	17	16	17	0	37	6	18	3	4	2	2	3	1	1	1	6	3	1	8	10	0	0	2	5	4	5	3	0	1	3	3	1	3	2	0	1	2	0	6	0	1	1	3	0	1	2	6	1	3	7	1	2	3	6	1	4	5	2	4	0	7	4	2	0	6	4	3	47	2	0	21	153	0	1	12	5	0	0	0	1	5	12	116
C[T>A]C	7	9	35	10	14	7	98	28	6	9	2	19	6	3	5	5	4	8	2	54	9	7	2	12	9	6	11	2	20	13	4	12	11	27	0	26	14	14	5	7	7	0	1	6	3	1	4	2	9	8	2	1	4	12	3	8	2	5	1	1	2	2	6	4	4	4	1	2	2	2	3	1	8	7	4	7	2	2	3	3	9	2	7	9	6	2	3	5	6	3	1	5	8	2	2	15	5	0	22	3	0	38	154	0	4	18	3	0	0	0	2	20	6	109
C[T>A]G	12	1	52	2	15	7	143	19	2	14	1	22	5	1	7	3	6	7	1	56	5	10	0	12	15	16	18	5	15	17	1	14	17	23	0	47	13	10	3	3	9	0	1	3	0	3	7	2	1	9	5	5	2	1	6	0	3	2	4	4	1	1	0	3	1	4	0	1	3	6	1	4	5	4	1	2	2	8	5	4	4	3	9	2	1	0	0	9	2	4	4	1	3	1	1	10	3	0	45	1	0	25	158	0	1	13	5	0	0	0	0	12	12	268
C[T>A]T	18	6	60	4	21	4	191	35	0	7	1	36	10	3	7	1	9	9	6	90	8	11	3	12	19	23	31	2	23	22	2	22	24	35	0	56	36	23	12	4	29	3	4	10	2	1	12	4	7	18	7	2	6	6	6	6	10	12	3	8	14	3	6	6	1	2	2	6	2	7	3	7	7	8	5	5	9	9	13	5	9	3	11	10	5	1	4	9	9	6	1	7	8	7	1	31	5	0	52	3	0	56	234	0	3	23	7	0	1	0	1	22	12	165
C[T>C]A	20	4	25	6	17	7	25	17	0	6	0	13	16	1	1	2	6	16	4	16	3	17	3	14	24	23	15	5	39	41	2	28	27	18	0	21	11	9	6	3	5	1	4	4	1	0	1	1	4	9	7	1	2	3	2	7	4	4	3	9	6	5	5	4	4	3	2	3	0	3	2	4	4	5	3	4	1	6	8	5	3	3	5	3	3	2	2	9	4	2	5	8	6	1	2	7	9	1	14	1	2	55	42	0	5	16	0	1	1	2	2	6	10	397
C[T>C]C	22	5	19	1	26	9	41	24	0	9	1	16	34	2	5	2	6	6	1	26	7	24	2	10	12	12	25	5	36	35	5	43	48	26	0	27	29	19	14	7	23	4	2	13	2	2	17	14	6	9	9	3	2	5	7	6	4	7	2	3	10	0	8	6	1	4	1	3	3	2	1	6	4	6	4	5	7	7	9	1	10	3	12	8	4	2	4	12	6	5	4	4	7	3	1	20	6	1	6	5	0	72	74	0	7	18	6	0	1	0	4	13	9	283
C[T>C]G	15	8	26	1	23	7	21	15	0	5	0	17	11	0	5	1	3	4	5	17	6	18	1	13	17	14	30	4	48	54	6	25	26	16	0	17	14	5	4	4	17	1	0	5	1	2	10	4	9	7	7	5	3	6	2	4	2	2	4	7	9	2	5	1	3	4	0	5	1	7	5	5	4	6	0	3	6	5	7	2	6	2	6	5	0	1	4	9	4	4	4	4	0	1	0	9	4	2	13	2	1	47	47	0	3	13	3	0	1	2	3	6	8	384
C[T>C]T	20	9	41	6	66	12	54	42	1	12	4	31	19	5	8	4	5	16	3	27	12	16	3	9	15	21	78	8	44	52	4	24	22	21	0	38	98	20	24	11	98	5	5	32	0	3	29	17	16	13	5	3	14	16	4	5	18	15	2	13	13	5	14	13	2	6	3	6	5	7	4	7	8	9	3	6	9	5	8	12	22	4	16	4	3	2	8	21	10	8	6	11	3	4	1	14	3	0	9	6	2	59	104	0	8	18	5	0	1	1	5	16	11	425
C[T>G]A	1	2	12	0	11	6	5	10	0	1	0	3	7	0	0	0	1	0	0	3	3	4	0	2	7	8	6	5	14	13	1	10	10	11	0	11	5	6	1	2	8	1	0	2	0	1	3	4	1	4	1	0	3	2	1	3	2	1	0	2	4	1	2	2	2	0	0	2	0	2	2	1	3	3	2	3	1	4	4	1	3	0	3	0	1	1	3	5	4	2	1	7	2	2	0	2	1	0	7	2	0	4	17	1	4	6	0	0	0	0	0	1	2	78
C[T>G]C	5	4	13	1	8	0	5	7	0	4	2	1	4	1	0	1	3	1	0	5	1	5	1	3	4	2	10	1	18	16	2	7	10	4	0	6	10	0	2	1	26	1	1	4	0	1	5	2	5	5	1	3	4	1	1	3	3	0	5	2	1	3	1	1	1	1	0	1	3	0	2	2	3	2	1	1	3	1	3	3	4	1	1	2	0	3	2	8	1	0	0	1	1	0	0	3	0	0	2	3	0	4	17	0	1	4	1	0	0	0	0	7	2	68
C[T>G]G	8	2	11	0	11	5	20	16	0	4	0	8	7	0	1	1	3	5	1	4	1	9	0	5	10	10	12	5	13	12	2	13	14	10	0	23	10	9	4	4	9	0	0	2	4	5	11	3	4	4	8	3	2	1	3	2	4	4	2	4	2	2	4	4	3	4	0	1	0	2	1	2	6	0	4	1	2	6	5	0	3	0	6	3	2	1	6	6	5	4	0	1	3	2	1	7	1	0	3	1	1	18	20	0	5	6	0	0	0	0	1	8	5	120
C[T>G]T	10	3	32	3	117	2	22	32	1	5	0	13	9	0	5	0	1	1	0	9	16	10	3	16	16	17	128	4	30	34	5	20	17	21	0	26	117	15	39	9	326	5	6	63	0	1	55	26	9	5	6	6	21	30	5	9	15	12	2	13	20	8	20	11	5	4	3	7	8	7	4	4	7	11	7	16	16	19	5	10	32	10	6	10	4	3	1	44	10	5	7	3	6	3	1	23	3	0	6	15	0	38	54	0	3	8	3	0	0	0	0	9	16	94
G[C>A]A	24	11	83	13	36	22	81	38	1	9	2	31	28	1	16	3	13	8	10	48	9	23	8	23	63	58	42	23	160	151	9	95	88	46	0	49	22	33	7	18	5	6	9	11	6	1	15	12	12	44	17	4	6	7	6	13	7	11	3	6	29	5	5	8	8	8	6	13	3	4	3	9	5	20	3	18	13	12	14	11	12	5	18	5	21	8	32	21	19	10	8	5	15	10	10	19	14	0	6	10	4	60	123	0	11	31	6	0	2	1	4	47	20	174
G[C>A]C	15	7	130	2	14	9	138	32	2	9	0	49	16	1	6	0	5	14	4	67	9	14	4	9	24	27	18	10	42	37	1	42	30	34	1	58	8	30	4	5	6	4	2	1	2	0	2	2	2	21	8	1	0	1	5	4	3	3	3	5	9	5	4	6	3	2	0	1	0	4	1	2	4	7	1	3	2	2	4	4	4	2	10	2	5	5	9	7	6	2	5	4	2	4	3	8	5	0	37	1	1	34	229	0	2	14	12	0	0	1	3	45	19	129
G[C>A]G	7	2	3	1	2	4	4	3	0	5	0	5	5	1	1	2	1	1	3	0	2	1	1	3	3	5	3	2	14	12	4	11	10	8	0	5	3	3	1	1	1	0	1	1	1	0	0	2	2	2	2	0	1	1	0	1	1	1	1	2	1	0	0	1	1	2	0	3	0	1	0	2	0	1	2	0	0	2	1	0	2	0	3	1	1	0	3	0	2	0	0	0	1	1	1	2	4	1	4	2	0	5	10	0	2	1	0	0	0	0	2	3	2	100
G[C>A]T	17	10	52	7	23	21	48	30	1	7	0	21	31	1	10	1	3	11	4	22	5	15	2	12	41	45	25	16	150	127	8	71	64	32	0	26	11	16	7	14	8	3	2	6	5	3	8	5	5	22	14	2	8	5	9	15	8	6	4	7	15	5	6	3	1	8	4	1	3	3	5	8	5	16	4	6	4	5	17	3	16	1	12	7	12	5	21	15	15	5	4	4	15	3	6	19	15	1	16	4	2	46	64	0	5	26	2	0	1	0	5	27	9	108
G[C>G]A	9	3	21	2	7	4	8	10	0	4	0	9	18	2	1	1	2	5	2	7	4	9	1	12	7	9	11	1	17	15	0	26	26	13	0	16	6	8	3	4	4	0	3	2	1	0	2	1	3	4	3	0	1	3	1	1	1	0	4	1	5	2	1	6	0	6	1	1	1	3	2	4	1	1	0	2	3	5	1	2	5	0	6	4	3	0	0	4	4	2	1	2	1	0	0	4	3	0	5	2	0	16	34	0	0	7	0	0	0	0	0	6	8	87
G[C>G]C	8	1	49	0	5	1	98	11	0	2	0	17	12	0	2	2	5	14	1	33	4	3	1	4	4	3	8	1	18	13	3	16	22	20	0	34	6	12	3	2	1	1	0	1	0	1	2	2	2	7	0	3	2	1	2	1	2	4	0	2	3	0	2	0	2	2	0	2	2	4	0	5	2	1	2	1	1	3	0	5	3	1	2	2	1	1	2	5	2	5	0	7	2	1	1	8	6	0	17	1	0	10	53	0	1	7	2	0	0	2	0	10	3	158
G[C>G]G	1	0	2	1	2	0	3	2	1	2	0	4	0	1	1	0	1	2	1	1	0	0	0	4	3	4	5	1	3	3	1	0	3	3	0	6	3	2	0	0	0	0	2	0	0	0	2	1	0	2	1	0	0	0	1	1	0	1	1	0	1	0	2	0	0	0	0	0	0	0	0	0	0	2	0	0	2	0	3	3	0	0	0	1	0	0	0	2	1	1	0	2	2	1	0	4	0	0	2	3	1	5	4	0	0	2	0	0	0	0	1	2	0	42
G[C>G]T	5	1	31	0	15	4	18	16	0	7	1	10	6	0	2	2	4	13	1	14	1	3	0	3	9	8	14	5	12	16	1	20	21	21	0	18	10	16	3	1	2	0	0	2	0	1	3	3	4	3	3	0	4	4	5	1	1	2	0	4	7	0	2	3	1	3	2	1	0	2	3	5	6	3	0	4	5	3	3	1	2	0	7	2	0	3	3	4	3	3	1	4	1	2	0	8	4	1	6	4	0	20	33	0	2	6	1	0	0	0	2	8	3	93
G[C>T]A	31	17	67	4	35	17	47	56	0	12	0	30	31	2	14	1	14	13	4	29	13	30	2	15	24	27	44	14	59	59	15	56	56	49	2	53	22	25	11	6	6	0	1	8	7	6	13	15	10	23	17	4	6	4	10	9	6	7	4	12	7	9	7	9	5	9	3	6	5	6	10	5	5	11	2	13	3	13	7	9	5	3	25	13	8	2	9	12	9	7	9	13	10	6	3	20	18	1	24	4	2	42	88	0	7	26	4	0	0	2	4	21	16	293
G[C>T]C	26	7	46	6	25	20	52	60	0	6	0	25	24	1	12	2	14	24	10	23	11	19	4	16	28	27	26	12	53	50	13	43	43	53	0	49	22	26	9	5	9	3	5	10	5	2	5	9	9	12	9	4	2	5	13	4	8	4	5	10	11	3	5	4	2	8	4	7	3	2	3	5	2	7	8	11	4	8	8	3	10	4	20	11	3	0	10	8	10	2	1	9	6	4	1	9	17	1	26	7	0	42	76	0	6	26	6	0	0	1	6	16	13	259
G[C>T]G	88	37	65	14	81	44	41	41	1	18	4	24	38	6	42	4	43	16	18	30	26	89	9	25	51	55	82	37	64	62	47	45	47	51	3	53	54	45	21	16	16	20	8	7	11	6	18	20	42	11	23	9	19	11	40	12	22	12	12	19	26	20	17	16	11	20	16	14	8	15	15	24	9	31	11	36	26	19	34	13	11	15	71	30	19	13	25	43	32	11	11	17	14	10	8	40	71	14	44	13	11	43	59	0	54	177	10	0	8	13	13	25	30	304
G[C>T]T	26	16	63	5	35	14	42	79	1	5	1	24	28	0	6	3	9	30	6	16	9	33	6	18	21	22	32	9	45	41	14	48	50	50	0	63	28	33	7	6	9	5	8	14	7	2	9	7	12	14	18	7	12	4	11	13	4	9	4	11	11	6	16	6	2	4	1	4	1	11	1	11	5	15	1	3	17	10	7	10	10	6	17	8	6	6	4	19	7	6	4	6	10	9	1	24	18	1	19	4	1	53	103	0	8	26	4	0	1	1	2	26	14	392
G[T>A]A	6	4	11	0	9	0	25	22	0	4	0	3	12	0	4	1	5	1	0	6	2	5	0	3	8	9	7	0	11	8	5	12	11	14	0	21	4	9	2	6	1	1	1	2	2	1	2	1	4	4	4	4	2	1	3	2	2	0	0	1	3	1	2	1	1	1	1	1	3	3	2	0	3	2	2	1	2	2	5	1	7	2	5	2	1	3	3	4	1	2	0	1	4	0	1	8	0	1	6	2	0	13	36	0	2	4	1	0	2	0	1	6	6	72
G[T>A]C	5	0	11	2	13	2	25	8	0	2	0	8	3	0	3	0	3	9	0	10	1	8	1	5	5	4	17	1	7	11	6	5	5	9	0	14	10	8	2	1	3	0	1	0	0	1	2	1	2	10	7	1	3	6	2	3	2	1	2	1	3	0	0	1	1	0	1	0	0	2	0	0	2	1	1	3	0	2	2	1	3	1	5	1	2	1	4	5	4	1	0	1	3	0	0	4	2	0	6	0	0	26	23	0	3	3	0	0	0	0	1	5	0	47
G[T>A]G	4	9	22	3	10	6	23	26	6	8	1	8	15	3	9	6	10	8	4	13	3	6	0	10	3	5	6	1	12	11	0	18	20	17	0	20	4	7	3	4	1	3	2	0	0	1	2	1	1	0	5	1	0	1	5	1	2	2	2	6	1	1	0	0	1	0	1	1	0	2	0	0	3	1	4	3	1	2	2	1	1	0	3	1	1	2	2	3	2	4	0	0	1	2	0	6	3	4	5	0	0	16	18	0	3	6	2	0	0	0	0	2	6	127
G[T>A]T	8	5	14	3	15	6	14	24	1	13	0	7	11	1	7	2	4	6	6	15	1	10	0	7	20	15	13	5	11	12	1	17	16	23	0	19	16	11	8	2	12	3	1	2	1	2	8	4	8	7	10	2	3	3	10	6	3	2	2	6	4	4	4	3	4	3	0	1	1	5	1	5	4	1	5	5	3	7	0	2	8	5	8	5	3	2	1	4	3	3	7	3	4	6	1	11	7	1	8	2	0	31	39	0	1	6	2	0	0	0	1	13	4	73
G[T>C]A	10	11	22	2	35	12	16	32	1	8	0	22	33	1	7	2	5	22	7	9	5	9	3	8	22	28	28	10	40	43	9	44	48	25	0	24	11	10	5	3	13	3	3	2	3	2	4	3	10	10	8	2	7	4	5	9	2	7	2	3	9	4	11	7	4	8	1	2	3	5	1	4	5	5	4	8	7	5	7	1	6	1	14	8	2	6	6	5	3	6	6	5	4	5	1	10	7	1	9	3	2	36	36	0	10	22	0	0	0	0	1	7	6	293
G[T>C]C	10	3	22	4	13	4	60	11	1	8	0	18	13	0	4	2	6	9	3	12	3	8	3	7	9	7	14	3	23	23	2	23	16	28	0	23	17	13	5	4	13	0	1	6	2	1	11	3	5	0	7	2	2	5	4	4	3	2	1	4	6	5	6	3	4	1	1	4	4	6	3	1	4	4	1	3	1	6	11	4	4	4	10	3	1	0	3	6	4	4	3	4	2	5	1	15	9	1	24	3	2	29	57	0	5	15	1	0	1	0	1	9	6	246
G[T>C]G	17	9	25	7	18	7	14	18	6	12	2	14	16	12	11	6	6	3	7	8	4	19	0	9	11	11	18	4	19	26	4	18	20	12	0	20	16	8	7	7	8	1	0	5	1	2	9	7	10	2	2	2	3	4	3	1	1	2	2	1	2	4	2	3	2	5	1	4	1	4	0	2	7	3	1	3	2	6	0	3	3	0	9	2	3	2	8	9	3	3	3	3	2	3	1	7	6	0	8	7	0	33	24	0	4	15	1	0	0	1	2	4	3	226
G[T>C]T	20	10	22	3	19	6	31	41	1	3	0	19	23	1	15	2	8	22	3	12	6	23	2	18	21	23	29	6	51	54	13	41	34	30	0	30	17	15	13	8	15	4	2	5	2	2	8	4	13	8	9	4	4	9	5	5	5	3	5	4	5	3	6	2	3	5	3	5	3	2	1	9	4	7	11	5	5	3	3	6	5	2	15	8	2	1	7	10	12	5	4	7	3	6	1	10	7	2	14	8	0	34	62	0	7	18	6	0	5	1	3	6	9	442
G[T>G]A	6	1	6	1	3	2	3	5	0	0	0	2	4	0	3	0	2	6	0	9	0	8	0	2	3	3	5	2	3	3	3	9	6	8	0	8	5	4	0	3	1	1	0	0	0	0	2	0	4	4	5	1	1	0	2	0	2	3	1	1	1	0	1	2	1	0	2	2	1	3	0	2	2	2	1	3	2	4	0	0	1	0	2	0	0	0	0	3	1	2	2	1	1	1	1	2	0	0	1	1	0	6	8	0	2	2	1	0	0	0	0	3	2	112
G[T>G]C	3	1	4	1	4	1	16	4	0	2	0	2	3	0	0	0	1	1	1	15	0	3	0	0	3	3	4	1	2	5	0	4	5	8	0	8	2	0	3	1	8	0	1	1	0	2	2	1	0	3	0	0	1	2	0	0	3	2	2	1	0	1	1	2	1	1	0	1	0	2	0	2	1	0	0	3	0	0	0	0	2	0	1	1	2	1	1	4	0	1	1	0	0	0	0	2	3	0	3	0	0	6	16	0	0	2	1	0	0	0	0	5	2	69
G[T>G]G	6	3	10	5	5	3	15	10	0	5	0	7	7	1	2	1	2	11	1	6	1	6	0	8	5	4	4	3	10	10	3	8	10	9	1	18	7	5	3	1	5	0	2	2	0	0	3	4	5	4	5	0	4	1	2	4	2	2	1	1	2	3	3	2	0	1	1	3	2	2	2	2	2	3	3	3	1	3	6	2	2	2	5	7	6	2	1	5	2	5	3	2	1	0	0	7	3	0	6	1	0	23	22	0	0	5	1	0	0	0	1	8	4	119
G[T>G]T	12	6	13	3	24	8	9	13	1	4	0	6	9	0	6	0	4	3	1	7	9	6	2	2	13	16	31	5	24	23	4	13	15	8	0	14	34	8	13	0	84	2	0	16	1	2	26	10	11	6	6	1	6	12	1	9	2	4	3	9	3	2	8	4	2	0	0	4	2	4	1	2	4	3	5	4	9	7	6	5	9	3	4	5	3	5	2	19	3	7	3	5	2	2	0	5	2	1	6	1	1	17	22	0	2	6	2	0	0	0	1	5	4	87
T[C>A]A	30	12	50	11	43	31	61	45	0	9	2	23	23	0	17	1	10	7	5	24	10	28	3	13	59	61	41	22	162	157	4	91	91	27	0	33	24	24	14	10	6	4	6	13	8	0	17	6	13	54	16	5	1	8	11	16	9	6	6	7	25	8	13	11	3	6	3	10	3	12	8	13	12	21	8	7	7	6	20	13	23	6	12	9	11	6	24	15	18	3	3	18	12	8	7	20	23	0	18	10	3	53	86	0	17	39	5	0	1	0	0	33	13	128
T[C>A]C	14	6	62	5	28	18	71	43	0	7	0	21	18	0	14	1	8	16	1	32	5	16	6	23	36	39	28	10	96	92	12	76	57	34	0	38	18	24	4	12	10	3	4	1	6	2	9	7	7	26	5	4	6	4	5	7	3	6	5	3	15	5	6	4	4	4	0	6	3	4	6	8	6	9	3	5	3	4	8	3	7	2	14	8	6	4	14	12	6	6	2	12	11	7	3	13	15	2	14	8	1	49	109	0	5	29	4	0	0	0	3	29	9	111
T[C>A]G	7	3	9	0	3	0	3	5	0	2	0	5	1	0	2	0	2	1	0	1	1	5	0	2	4	5	2	0	18	18	1	13	11	0	0	2	1	0	1	0	0	0	1	0	0	0	0	0	3	6	2	1	1	0	0	0	1	1	0	0	6	1	1	2	0	2	1	0	0	0	0	0	2	1	1	3	3	1	1	0	0	1	0	2	2	0	2	1	2	0	1	4	2	1	1	6	1	0	1	0	1	3	4	0	2	9	0	0	0	0	2	6	2	43
T[C>A]T	42	25	73	13	62	33	98	44	2	17	3	39	23	1	39	3	9	23	9	59	14	49	8	21	71	83	70	22	307	295	6	109	129	53	0	53	50	39	22	16	14	10	9	14	7	8	18	15	24	83	25	7	10	17	13	23	14	9	5	13	45	7	24	16	10	10	6	16	7	8	6	15	10	28	15	19	15	15	30	12	27	6	25	22	26	6	40	28	22	7	10	30	34	20	8	30	39	0	23	10	3	60	151	0	16	62	9	0	0	1	2	43	12	105
T[C>G]A	34	7	31	4	43	14	27	24	0	11	0	14	15	2	14	2	4	28	6	14	2	31	3	12	30	36	52	10	70	64	9	41	40	20	0	26	14	15	5	5	6	2	4	0	2	2	11	3	17	10	8	5	6	6	4	10	2	5	7	5	10	6	3	12	1	9	1	2	0	3	3	8	9	5	4	8	3	7	12	6	12	1	12	13	4	3	6	16	7	4	2	32	6	2	1	3	5	2	14	4	2	26	50	0	6	29	0	0	0	1	0	5	15	151
T[C>G]C	26	6	18	1	29	8	17	22	0	6	0	5	12	2	8	1	5	29	2	14	3	23	3	7	16	18	23	8	48	46	8	26	36	14	0	13	11	13	8	4	4	0	1	0	2	3	5	0	6	9	7	2	4	3	5	2	3	2	1	4	7	1	6	6	1	5	2	1	2	3	2	3	4	2	2	5	4	1	14	1	2	2	10	2	4	2	4	5	0	4	1	14	5	0	2	8	3	0	13	5	2	29	27	0	9	20	0	0	0	0	1	7	13	111
T[C>G]G	5	2	5	1	3	0	4	5	1	4	0	2	2	0	0	0	1	11	3	0	2	6	1	1	0	0	4	0	8	8	1	4	5	2	0	3	2	4	0	1	1	0	0	2	2	1	0	0	0	2	3	0	1	0	1	0	2	2	1	0	3	1	0	1	1	2	0	2	1	1	0	0	4	0	2	3	0	0	1	1	2	1	2	0	0	2	1	2	0	2	1	2	0	0	1	2	2	1	1	1	1	6	5	0	1	0	0	0	0	0	1	3	2	55
T[C>G]T	40	13	62	3	72	24	65	26	0	11	4	21	27	1	25	3	9	13	5	44	13	45	2	13	40	49	81	15	137	140	9	76	78	29	0	35	28	24	16	7	5	1	1	3	0	6	10	10	11	26	18	1	12	12	9	15	6	11	9	10	22	8	8	9	5	10	3	5	3	12	6	10	10	17	8	13	8	9	17	7	25	6	19	25	7	5	11	18	7	7	6	50	9	4	2	21	10	3	29	16	1	49	82	0	15	49	1	0	0	0	5	15	30	177
T[C>T]A	55	20	60	5	68	42	53	54	2	18	1	27	31	1	44	2	4	10	10	112	10	55	5	11	54	64	79	25	161	143	17	80	82	28	1	37	25	20	22	14	8	8	11	9	16	7	13	12	28	24	27	7	13	13	23	14	14	10	12	15	41	15	11	9	6	12	5	7	8	6	4	9	11	16	9	26	13	9	33	10	24	12	33	15	10	10	24	30	15	4	8	33	22	6	3	25	20	4	10	10	0	81	66	0	23	35	0	0	2	0	2	19	28	282
T[C>T]C	50	18	80	8	46	32	58	62	1	15	1	27	23	4	34	3	15	21	11	78	14	48	5	19	44	50	52	22	106	95	21	45	47	51	0	55	20	26	11	11	7	7	7	13	8	3	12	7	26	17	17	6	19	13	19	11	5	6	5	8	18	7	14	17	9	19	6	4	3	10	11	10	8	21	5	22	8	7	13	7	17	7	31	15	5	6	13	27	11	5	6	21	21	1	5	7	27	6	21	5	3	67	112	0	8	34	2	1	2	1	3	30	35	311
T[C>T]G	48	25	43	12	44	30	25	25	4	12	2	23	24	2	35	5	29	11	15	23	12	45	4	12	27	30	48	22	47	44	41	43	42	31	1	33	30	25	13	15	11	13	8	5	16	8	15	15	27	17	17	10	8	9	24	17	13	7	15	20	20	10	8	13	7	16	6	15	7	13	15	11	4	16	12	21	20	19	15	8	14	2	48	29	9	13	29	23	17	12	6	17	16	18	9	28	49	8	26	17	11	39	36	1	25	122	13	0	6	5	7	17	16	245
T[C>T]T	64	22	78	14	78	47	97	77	3	20	2	41	21	1	41	1	15	31	8	94	8	52	6	22	75	80	85	33	139	140	33	64	63	69	0	88	48	45	35	14	17	6	11	9	10	8	16	11	47	17	22	10	18	19	22	12	8	9	13	17	28	17	10	20	14	20	7	6	8	6	10	13	11	23	9	28	8	20	19	13	22	10	31	22	9	6	25	36	19	14	9	37	17	1	2	14	23	4	21	10	1	85	157	0	15	41	5	2	1	1	8	32	31	369
T[T>A]A	42	27	63	27	51	27	54	59	33	32	35	47	43	34	35	13	21	26	29	28	24	28	2	10	28	27	41	12	61	55	10	39	43	29	2	38	21	26	17	13	11	7	3	5	5	5	13	8	15	12	10	2	11	4	9	6	8	8	4	8	11	5	13	9	0	11	4	7	7	7	4	6	8	7	6	7	9	11	13	9	5	1	10	8	5	6	13	21	8	6	9	10	8	6	5	14	13	4	14	3	3	38	69	0	8	23	4	0	2	0	1	30	11	123
T[T>A]C	9	11	19	0	14	3	16	21	0	5	0	6	7	2	3	1	5	4	3	4	3	11	0	11	6	11	13	3	22	17	3	21	25	17	0	23	9	8	1	2	5	3	2	4	0	4	7	5	4	13	10	0	3	1	5	4	1	3	0	2	5	2	3	5	3	2	1	1	0	2	1	1	5	4	2	4	4	6	1	3	6	3	7	3	2	3	5	7	1	1	3	5	2	3	0	10	3	1	6	1	1	25	31	0	1	13	0	0	0	0	0	5	3	46
T[T>A]G	6	2	14	2	7	4	9	13	1	3	0	7	10	1	1	0	5	8	2	6	2	7	1	5	6	6	9	3	11	12	2	15	22	9	0	19	4	3	4	2	4	0	1	6	0	0	6	5	3	6	8	0	5	2	2	4	2	1	0	1	2	2	2	2	0	3	1	3	2	3	0	0	2	2	0	2	0	5	4	0	3	0	4	7	2	2	1	6	5	2	1	3	4	1	0	6	5	2	9	1	0	27	26	0	3	8	0	0	2	1	0	5	4	92
T[T>A]T	40	33	60	19	47	23	65	65	16	28	14	35	37	22	30	10	27	19	17	39	22	22	3	23	29	33	34	7	56	45	10	40	39	27	0	41	35	18	7	13	20	5	2	8	3	6	26	4	10	20	13	1	7	12	18	5	12	11	7	10	15	10	10	9	11	3	2	13	5	10	3	5	7	5	2	7	11	11	8	7	17	6	18	17	6	6	6	17	5	4	6	9	10	8	2	24	11	2	18	11	4	66	82	0	8	32	7	0	1	1	6	20	11	109
T[T>C]A	16	11	38	5	34	22	19	34	2	8	0	23	30	1	9	1	13	23	5	8	5	19	2	17	59	61	39	13	65	72	6	51	47	35	0	35	26	23	10	8	11	1	2	6	1	1	10	3	12	10	9	4	7	5	8	10	6	10	4	4	4	8	7	1	4	5	0	6	5	5	5	7	4	8	5	9	6	7	14	4	9	6	18	4	6	2	5	10	9	2	2	6	7	11	2	10	7	2	22	10	2	31	53	0	7	18	1	0	2	0	3	10	10	309
T[T>C]C	32	9	30	4	39	9	23	29	0	14	2	13	21	7	9	3	4	12	7	12	7	32	2	17	18	21	43	5	45	44	10	38	35	25	0	31	27	18	17	12	14	0	1	4	5	7	13	9	8	5	8	2	8	4	10	7	9	11	4	7	5	2	4	5	4	4	2	4	4	6	2	6	10	8	4	5	8	4	11	3	9	1	9	6	5	4	9	12	3	9	1	6	5	3	1	19	9	1	7	8	1	56	61	0	5	27	2	0	0	0	2	11	13	428
T[T>C]G	17	3	14	1	14	3	8	21	0	9	0	12	11	2	6	3	2	1	1	4	5	13	0	4	15	17	17	2	23	30	6	16	10	13	0	16	10	12	5	1	8	1	5	4	0	1	4	3	6	7	4	4	1	1	0	5	1	2	5	3	4	1	4	4	3	2	0	4	2	2	2	1	4	2	2	5	2	8	1	1	4	1	9	6	3	2	7	3	2	4	3	7	4	1	0	7	3	1	4	3	1	25	24	0	6	16	1	0	0	0	4	3	7	226
T[T>C]T	45	38	71	28	56	46	66	70	20	43	26	44	52	31	38	24	38	29	23	50	29	20	2	20	49	49	48	13	74	84	11	38	39	38	0	54	24	24	5	9	20	3	6	8	5	5	15	11	19	12	14	6	9	9	6	8	4	13	2	8	12	3	10	7	6	13	0	3	7	6	6	8	6	7	4	9	6	8	6	10	12	1	32	10	7	7	10	17	9	6	4	13	11	3	3	16	10	7	18	5	5	31	93	1	13	28	3	0	0	1	4	18	14	469
T[T>G]A	5	2	19	5	14	4	12	20	0	4	0	12	13	2	2	0	5	8	1	9	1	8	0	5	19	17	14	4	30	27	3	21	28	9	0	19	9	6	3	3	11	1	2	1	0	0	7	2	4	7	3	3	2	2	3	4	4	4	1	4	2	3	3	5	2	3	3	3	2	5	2	1	3	1	2	2	4	0	2	1	2	2	6	5	1	1	2	5	3	3	1	2	1	1	1	4	3	0	7	4	1	14	35	1	1	7	0	0	0	0	4	5	4	138
T[T>G]C	2	3	10	1	9	4	4	5	0	3	1	1	7	0	3	0	1	2	0	5	1	2	0	4	9	8	11	3	19	20	1	11	15	5	0	9	7	3	2	2	7	0	0	1	1	1	3	2	1	4	2	0	1	1	1	2	0	3	0	3	2	1	2	1	1	1	0	0	1	4	0	2	1	5	1	0	1	2	1	1	3	3	3	5	2	0	0	3	2	2	3	2	2	2	0	4	3	0	1	3	0	7	8	1	4	4	2	0	1	0	0	0	2	109
T[T>G]G	9	5	25	3	13	9	18	10	2	2	0	8	6	0	3	0	3	8	6	12	5	8	1	10	16	16	16	6	37	34	4	18	16	17	0	26	9	10	6	2	6	2	0	5	3	1	1	2	6	7	4	2	2	5	6	6	3	5	2	4	6	3	3	5	1	3	1	1	1	6	0	2	6	3	3	5	4	4	6	3	4	3	6	3	5	2	3	9	3	2	3	4	4	4	4	11	2	0	6	2	0	27	32	1	1	12	4	0	0	0	0	1	3	181
T[T>G]T	32	14	51	20	74	33	35	50	10	26	16	27	26	18	23	6	12	5	8	26	25	21	5	5	33	33	73	9	78	75	8	39	38	24	0	31	38	18	21	7	90	3	6	31	2	2	31	11	15	6	12	4	12	18	6	7	7	7	8	11	13	6	24	7	5	5	6	4	3	10	5	5	7	11	5	8	8	13	11	8	12	6	16	8	1	5	9	14	12	4	3	7	5	7	2	15	6	2	13	4	0	40	49	0	7	25	3	0	0	0	2	18	21	147
