Samples	SBS96A	SBS96B	SBS96C	SBS96D	SBS96E	SBS96F	SBS96G
AX4912_vs_AX4894	541	549	0	125	451	0	246
AX4914_vs_AX4895	149	165	157	66	202	14	203
AX4915_vs_AX4895	516	408	1124	794	209	143	278
AX4916_vs_AX4896	16	78	124	3	85	17	210
AX4918_vs_AX4897	522	773	129	108	315	542	237
AX4921_vs_AX4898	205	506	0	90	235	0	198
AX4922_vs_AX4899	15	162	933	2898	97	122	171
AX4923_vs_AX4906	823	111	1136	246	63	141	339
AX4924_vs_AX4901	0	0	0	0	0	0	209
AX4925_vs_AX4901	193	127	121	48	79	31	264
AX4926_vs_AX4904	0	0	0	0	0	0	181
AX4927_vs_AX4905	357	183	264	570	88	65	218
AX4928_vs_AQ5174	637	115	487	12	143	35	246
AX4929_vs_AQ5174	0	0	0	0	0	0	258
AX4930_vs_AX4900	45	441	41	14	317	22	226
AX4931_vs_AX4907	67	0	0	25	28	0	148
AX4932_vs_AX4908	88	0	223	0	350	0	190
AX4933_vs_AX4909	532	0	330	164	0	0	120
AX4934_vs_AX4909	89	58	79	41	83	0	181
AX4935_vs_AX4910	0	531	0	1785	127	0	170
AX4936_vs_AX4911	93	92	84	41	118	86	171
AX4937_vs_AX4894	515	548	107	70	422	41	80
AX4938_vs_AX4896	7	56	86	16	64	17	5
AX4940_vs_AX4904	302	73	386	42	107	60	30
AX4942_vs_AX4898	502	913	265	70	168	59	141
AX4943_vs_AX4898	496	1053	215	74	171	78	129
AX4944_vs_AX4897	577	893	67	138	355	614	130
AX4945_vs_AX4898	116	338	49	93	188	16	31
AX4946_vs_AX4895	388	3237	777	158	9	154	133
AX4947_vs_AX4895	594	3091	554	112	5	173	134
AX4951_vs_AX4903	238	57	25	63	400	12	37
AX4958_vs_AQ5174	685	1112	1173	46	99	75	55
AX4961_vs_AQ5174	651	1182	1112	60	92	70	68
DIAF_vs_BLOOD	631	200	704	388	210	74	102
HK_vs_BLOOD	0	0	0	0	12	0	6
LNMETA_vs_BLOOD	732	107	944	540	182	124	169
LN_vs_BLOOD	300	191	343	112	274	591	67
OMEN_vs_BLOOD	314	188	434	206	227	68	88
PABKLN-01A_vs_PABKLN-11A	163	207	46	45	112	199	38
PADWRZ-01A_vs_PADWRZ-10A	94	151	160	38	128	41	43
PADYZI-01A_vs_PADYZI-10A	0	0	0	0	0	1367	0
PAEHIP-01A_vs_PAEHIP-10A	0	51	66	0	121	25	27
PAJLWM-01A_vs_PAJLWM-11A	28	84	49	31	98	26	12
PAJMBW-01A_vs_PAJMBW-10A	40	62	110	31	25	305	16
PAJMRB-01A_vs_PAJMRB-11A	50	108	0	0	154	0	0
PAJNER-01A_vs_PAJNER-11A	56	49	40	5	60	7	24
PAJNFP-01A_vs_PAJNFP-11A	84	105	231	67	69	290	72
PAJNFZ-01A_vs_PAJNFZ-10A	97	70	112	3	150	125	34
PAKHTL-01A_vs_PAKHTL-11A	240	280	0	0	267	59	70
PAKLYZ-01A_vs_PAKLYZ-10A	0	561	745	0	0	0	0
PAKTCT-01A_vs_PAKTCT-11A	169	190	291	47	163	26	44
PARECB-01A_vs_PARECB-11A	72	51	70	10	60	25	9
PAREWI-01A_vs_PAREWI-11A	104	120	51	17	97	99	42
PARGRN-01A_vs_PARGRN-10A	50	160	78	14	65	160	26
PARIRN-01A_vs_PARIRN-10A	86	89	214	15	234	16	51
PARPFY-01A_vs_PARPFY-11A	72	195	185	16	100	46	10
PARRCL-01A_vs_PARRCL-11A	55	79	106	48	111	83	27
PARTKH-01A_vs_PARTKH-10A	94	53	185	17	79	67	43
PARUGK-01A_vs_PARUGK-10A	71	98	16	27	116	16	11
PARZBI-01A_vs_PARZBI-11A	122	78	115	17	146	70	39
PARZRH-01A_vs_PARZRH-10A	0	480	190	68	133	90	0
PASABD-01A_vs_PASABD-10A	78	102	80	15	109	34	21
PASADZ-01A_vs_PASADZ-10A	87	125	139	11	91	108	56
PASCDH-01A_vs_PASCDH-10A	73	141	72	34	175	63	18
PASDLA-01A_vs_PASDLA-11A	36	86	53	22	79	23	17
PASGCL-01A_vs_PASGCL-10A	105	126	16	40	166	13	47
PASRHU-01A_vs_PASRHU-10A	0	78	0	0	131	19	0
PASVDP-01A_vs_PASVDP-10A	42	98	87	53	91	35	13
PASWZZ-01A_vs_PASWZZ-10A	38	48	43	9	84	36	30
PASXNA-01A_vs_PASXNA-11A	110	26	165	17	119	42	31
PASYNF-01A_vs_PASYNF-10A	17	75	48	27	131	20	18
PASZYE-01A_vs_PASZYE-10A	90	130	78	8	137	21	27
PATAFT-01A_vs_PATAFT-10A	137	83	145	31	49	38	35
PATBLF-01A_vs_PATBLF-10A	83	285	106	34	160	49	8
PATDVL-01A_vs_PATDVL-10A	48	124	25	36	91	33	16
PATENH-01A_vs_PATENH-11A	50	252	47	33	256	65	22
PATFXW-01A_vs_PATFXW-10A	0	74	203	0	191	85	31
PATFZZ-01A_vs_PATFZZ-10A	68	45	268	37	138	88	33
PATXEE-01A_vs_PATXEE-10A	91	356	75	46	224	36	15
PATXKA-01A_vs_PATXKA-10A	48	105	101	32	59	55	42
PAUCGJ-01A_vs_PAUCGJ-10A	94	281	203	17	61	154	16
PAUDPV-01A_vs_PAUDPV-11A	36	72	69	1	54	47	7
PAUEKW-01A_vs_PAUEKW-10A	303	188	113	88	498	28	87
PAUFVP-01A_vs_PAUFVP-11A	100	178	146	36	224	42	41
PAUGYZ-01A_vs_PAUGYZ-10A	0	144	268	0	120	0	0
PAUHAZ-01A_vs_PAUHAZ-10A	0	59	122	26	122	0	28
PAUNPA-01A_vs_PAUNPA-11A	0	407	171	0	183	0	0
PAVCKS-01A_vs_PAVCKS-11A	131	250	189	56	268	203	49
PAVITI-01A_vs_PAVITI-10A	67	179	162	65	169	48	27
PAVYDM-01A_vs_PAVYDM-11A	101	11	202	25	93	32	16
PAVYKD-01A_vs_PAVYKD-10A	47	51	94	1	83	34	23
PAWDGA-01A_vs_PAWDGA-11A	186	470	0	0	87	0	49
PAWFBL-01A_vs_PAWFBL-11A	0	293	203	0	117	0	32
PAWFWK-01A_vs_PAWFWK-10A	27	67	147	15	109	20	23
SJBT030128_D1_vs_SJBT030128_G1	0	67	57	0	96	0	0
SJBT030255_D1_vs_SJBT030255_G1	179	62	538	96	207	114	53
SJBT030581_D1_vs_SJBT030581_G1	66	230	184	69	522	4	14
SJBT030707_D2_vs_SJBT030707_G1	45	0	0	0	88	0	29
SJBT030896_D1_vs_SJBT030896_G1	0	0	0	1595	225	0	0
SJBT030997_D1_vs_SJBT030997_G1	102	127	50	26	135	58	9
SJBT031235_D1_vs_SJBT031235_G1	0	27	0	0	116	0	15
SJBT031605_D1_vs_SJBT031605_G1	1042	216	1486	344	199	201	154
SJBT031948_D2_vs_SJBT031948_G1	0	0	2158	4655	0	333	0
SJBT032047_D1_vs_SJBT032047_G1	0	0	0	4	0	0	3
SJBT032346_D1_vs_SJBT032346_G1	99	207	0	0	386	0	0
SJBT032393_D1_vs_SJBT032393_G1	43	391	352	73	1378	58	90
SJBT032417_D2_vs_SJBT032417_G1	0	0	124	98	100	21	0
SJBT033133_D3_vs_SJBT033133_G1	4	0	0	0	3	0	2
SJBT033236_D2_vs_SJBT033236_G1	24	0	0	0	71	0	0
SJBT034089_D1_vs_SJBT034089_G1	0	0	0	0	81	0	0
SJBT034110_D2_vs_SJBT034110_G1	68	8	45	11	87	5	13
SJMRT014754_D1_vs_SJMRT014754_G1	21	209	620	304	111	45	80
SJMRT015723_D1_vs_SJMRT015723_G1	215	233	102	113	177	72	55
SJMRT063832_X1_vs_SJMRT063832_G1	12784	0	0	2294	1190	518	791
