Samples	SBS96A	SBS96B	SBS96C	SBS96D	SBS96E
AX4912_vs_AX4894	545	640	144	535	48
AX4914_vs_AX4895	261	322	85	262	26
AX4915_vs_AX4895	1047	886	1050	324	165
AX4916_vs_AX4896	157	209	5	123	39
AX4918_vs_AX4897	872	639	138	382	595
AX4921_vs_AX4898	506	321	97	282	28
AX4922_vs_AX4899	495	118	3478	164	143
AX4923_vs_AX4906	793	1328	396	164	178
AX4924_vs_AX4901	8	149	0	29	23
AX4925_vs_AX4901	202	426	56	120	59
AX4926_vs_AX4904	8	128	0	18	27
AX4927_vs_AX4905	302	545	680	132	86
AX4928_vs_AQ5174	417	933	58	219	48
AX4929_vs_AQ5174	0	205	0	21	32
AX4930_vs_AX4900	475	199	15	384	33
AX4931_vs_AX4907	11	183	21	44	9
AX4932_vs_AX4908	113	253	27	451	7
AX4933_vs_AX4909	201	672	220	53	0
AX4934_vs_AX4909	107	255	48	118	3
AX4935_vs_AX4910	322	141	1972	140	38
AX4936_vs_AX4911	142	233	49	155	106
AX4937_vs_AX4894	626	528	102	506	21
AX4938_vs_AX4896	114	11	28	82	16
AX4940_vs_AX4904	317	379	93	153	58
AX4942_vs_AX4898	1115	621	109	215	58
AX4943_vs_AX4898	1226	593	109	212	76
AX4944_vs_AX4897	957	571	174	414	658
AX4945_vs_AX4898	377	110	115	222	7
AX4946_vs_AX4895	3843	593	245	24	151
AX4947_vs_AX4895	3542	766	176	11	168
AX4951_vs_AX4903	62	206	84	480	0
AX4958_vs_AQ5174	1929	916	171	171	58
AX4961_vs_AQ5174	1953	888	179	160	55
DIAF_vs_BLOOD	607	803	535	296	68
HK_vs_BLOOD	0	1	0	17	0
LNMETA_vs_BLOOD	638	1005	742	281	132
LN_vs_BLOOD	400	309	170	342	657
OMEN_vs_BLOOD	442	426	290	302	65
PABKLN-01A_vs_PABKLN-11A	238	164	59	134	215
PADWRZ-01A_vs_PADWRZ-10A	258	129	61	165	42
PADYZI-01A_vs_PADYZI-10A	0	0	0	0	1367
PAEHIP-01A_vs_PAEHIP-10A	88	0	26	150	26
PAJLWM-01A_vs_PAJLWM-11A	115	27	42	119	25
PAJMBW-01A_vs_PAJMBW-10A	130	37	47	30	345
PAJMRB-01A_vs_PAJMRB-11A	98	20	20	174	0
PAJNER-01A_vs_PAJNER-11A	75	74	10	76	6
PAJNFP-01A_vs_PAJNFP-11A	251	142	99	96	330
PAJNFZ-01A_vs_PAJNFZ-10A	141	113	15	187	135
PAKHTL-01A_vs_PAKHTL-11A	277	247	20	319	53
PAKLYZ-01A_vs_PAKLYZ-10A	1064	0	154	68	20
PAKTCT-01A_vs_PAKTCT-11A	379	229	86	216	20
PARECB-01A_vs_PARECB-11A	97	79	20	77	24
PAREWI-01A_vs_PAREWI-11A	154	124	25	119	108
PARGRN-01A_vs_PARGRN-10A	217	57	23	80	176
PARIRN-01A_vs_PARIRN-10A	221	134	40	300	10
PARPFY-01A_vs_PARPFY-11A	319	91	40	130	44
PARRCL-01A_vs_PARRCL-11A	143	69	68	139	90
PARTKH-01A_vs_PARTKH-10A	170	146	38	109	75
PARUGK-01A_vs_PARUGK-10A	109	61	35	139	11
PARZBI-01A_vs_PARZBI-11A	150	148	33	183	73
PARZRH-01A_vs_PARZRH-10A	611	0	98	163	89
PASABD-01A_vs_PASABD-10A	156	88	27	135	33
PASADZ-01A_vs_PASADZ-10A	213	139	26	119	120
PASCDH-01A_vs_PASCDH-10A	188	66	49	212	61
PASDLA-01A_vs_PASDLA-11A	121	42	32	98	23
PASGCL-01A_vs_PASGCL-10A	137	118	50	199	9
PASRHU-01A_vs_PASRHU-10A	68	0	6	143	11
PASVDP-01A_vs_PASVDP-10A	153	47	72	113	34
PASWZZ-01A_vs_PASWZZ-10A	75	55	15	105	38
PASXNA-01A_vs_PASXNA-11A	127	146	39	156	42
PASYNF-01A_vs_PASYNF-10A	108	15	37	160	16
PASZYE-01A_vs_PASZYE-10A	182	104	19	169	17
PATAFT-01A_vs_PATAFT-10A	174	183	51	69	41
PATBLF-01A_vs_PATBLF-10A	362	76	52	192	43
PATDVL-01A_vs_PATDVL-10A	141	47	45	108	32
PATENH-01A_vs_PATENH-11A	288	28	46	305	58
PATFXW-01A_vs_PATFXW-10A	183	66	17	235	83
PATFZZ-01A_vs_PATFZZ-10A	213	111	72	185	96
PATXEE-01A_vs_PATXEE-10A	411	74	66	267	25
PATXKA-01A_vs_PATXKA-10A	169	87	47	78	61
PAUCGJ-01A_vs_PAUCGJ-10A	421	117	40	80	168
PAUDPV-01A_vs_PAUDPV-11A	117	41	9	69	50
PAUEKW-01A_vs_PAUEKW-10A	252	317	122	605	9
PAUFVP-01A_vs_PAUFVP-11A	271	122	59	278	37
PAUGYZ-01A_vs_PAUGYZ-10A	313	0	48	161	10
PAUHAZ-01A_vs_PAUHAZ-10A	139	1	43	157	17
PAUNPA-01A_vs_PAUNPA-11A	489	0	58	214	0
PAVCKS-01A_vs_PAVCKS-11A	374	138	88	331	215
PAVITI-01A_vs_PAVITI-10A	284	83	93	212	45
PAVYDM-01A_vs_PAVYDM-11A	138	132	52	127	31
PAVYKD-01A_vs_PAVYKD-10A	111	68	11	107	36
PAWDGA-01A_vs_PAWDGA-11A	456	190	34	101	11
PAWFBL-01A_vs_PAWFBL-11A	407	31	45	144	18
PAWFWK-01A_vs_PAWFWK-10A	162	54	32	142	18
SJBT030128_D1_vs_SJBT030128_G1	103	0	1	116	0
SJBT030255_D1_vs_SJBT030255_G1	392	275	172	288	122
SJBT030581_D1_vs_SJBT030581_G1	342	9	104	634	0
SJBT030707_D2_vs_SJBT030707_G1	11	45	3	103	0
SJBT030896_D1_vs_SJBT030896_G1	0	0	1628	192	0
SJBT030997_D1_vs_SJBT030997_G1	160	89	38	163	57
SJBT031235_D1_vs_SJBT031235_G1	25	0	0	133	0
SJBT031605_D1_vs_SJBT031605_G1	1140	1385	567	335	215
SJBT031948_D2_vs_SJBT031948_G1	951	466	5397	50	282
SJBT032047_D1_vs_SJBT032047_G1	0	4	2	1	0
SJBT032346_D1_vs_SJBT032346_G1	189	32	25	443	3
SJBT032393_D1_vs_SJBT032393_G1	587	0	131	1667	0
SJBT032417_D2_vs_SJBT032417_G1	49	7	135	133	19
SJBT033133_D3_vs_SJBT033133_G1	1	3	2	3	0
SJBT033236_D2_vs_SJBT033236_G1	3	6	8	78	0
SJBT034089_D1_vs_SJBT034089_G1	0	0	2	79	0
SJBT034110_D2_vs_SJBT034110_G1	35	73	19	109	1
SJMRT014754_D1_vs_SJMRT014754_G1	587	159	423	171	50
SJMRT015723_D1_vs_SJMRT015723_G1	292	240	146	218	71
SJMRT063832_X1_vs_SJMRT063832_G1	0	12905	2821	1468	383
