MutationType	AX4912_vs_AX4894	AX4914_vs_AX4895	AX4915_vs_AX4895	AX4916_vs_AX4896	AX4918_vs_AX4897	AX4921_vs_AX4898	AX4922_vs_AX4899	AX4923_vs_AX4906	AX4924_vs_AX4901	AX4925_vs_AX4901	AX4926_vs_AX4904	AX4927_vs_AX4905	AX4928_vs_AQ5174	AX4929_vs_AQ5174	AX4930_vs_AX4900	AX4931_vs_AX4907	AX4932_vs_AX4908	AX4933_vs_AX4909	AX4934_vs_AX4909	AX4935_vs_AX4910	AX4936_vs_AX4911	AX4937_vs_AX4894	AX4938_vs_AX4896	AX4940_vs_AX4904	AX4942_vs_AX4898	AX4943_vs_AX4898	AX4944_vs_AX4897	AX4945_vs_AX4898	AX4946_vs_AX4895	AX4947_vs_AX4895	AX4951_vs_AX4903	AX4958_vs_AQ5174	AX4961_vs_AQ5174	DIAF_vs_BLOOD	HK_vs_BLOOD	LNMETA_vs_BLOOD	LN_vs_BLOOD	OMEN_vs_BLOOD	PABKLN-01A_vs_PABKLN-11A	PADWRZ-01A_vs_PADWRZ-10A	PADYZI-01A_vs_PADYZI-10A	PAEHIP-01A_vs_PAEHIP-10A	PAJLWM-01A_vs_PAJLWM-11A	PAJMBW-01A_vs_PAJMBW-10A	PAJMRB-01A_vs_PAJMRB-11A	PAJNER-01A_vs_PAJNER-11A	PAJNFP-01A_vs_PAJNFP-11A	PAJNFZ-01A_vs_PAJNFZ-10A	PAKHTL-01A_vs_PAKHTL-11A	PAKLYZ-01A_vs_PAKLYZ-10A	PAKTCT-01A_vs_PAKTCT-11A	PARECB-01A_vs_PARECB-11A	PAREWI-01A_vs_PAREWI-11A	PARGRN-01A_vs_PARGRN-10A	PARIRN-01A_vs_PARIRN-10A	PARPFY-01A_vs_PARPFY-11A	PARRCL-01A_vs_PARRCL-11A	PARTKH-01A_vs_PARTKH-10A	PARUGK-01A_vs_PARUGK-10A	PARZBI-01A_vs_PARZBI-11A	PARZRH-01A_vs_PARZRH-10A	PASABD-01A_vs_PASABD-10A	PASADZ-01A_vs_PASADZ-10A	PASCDH-01A_vs_PASCDH-10A	PASDLA-01A_vs_PASDLA-11A	PASGCL-01A_vs_PASGCL-10A	PASRHU-01A_vs_PASRHU-10A	PASVDP-01A_vs_PASVDP-10A	PASWZZ-01A_vs_PASWZZ-10A	PASXNA-01A_vs_PASXNA-11A	PASYNF-01A_vs_PASYNF-10A	PASZYE-01A_vs_PASZYE-10A	PATAFT-01A_vs_PATAFT-10A	PATBLF-01A_vs_PATBLF-10A	PATDVL-01A_vs_PATDVL-10A	PATENH-01A_vs_PATENH-11A	PATFXW-01A_vs_PATFXW-10A	PATFZZ-01A_vs_PATFZZ-10A	PATXEE-01A_vs_PATXEE-10A	PATXKA-01A_vs_PATXKA-10A	PAUCGJ-01A_vs_PAUCGJ-10A	PAUDPV-01A_vs_PAUDPV-11A	PAUEKW-01A_vs_PAUEKW-10A	PAUFVP-01A_vs_PAUFVP-11A	PAUGYZ-01A_vs_PAUGYZ-10A	PAUHAZ-01A_vs_PAUHAZ-10A	PAUNPA-01A_vs_PAUNPA-11A	PAVCKS-01A_vs_PAVCKS-11A	PAVITI-01A_vs_PAVITI-10A	PAVYDM-01A_vs_PAVYDM-11A	PAVYKD-01A_vs_PAVYKD-10A	PAWDGA-01A_vs_PAWDGA-11A	PAWFBL-01A_vs_PAWFBL-11A	PAWFWK-01A_vs_PAWFWK-10A	SJBT030128_D1_vs_SJBT030128_G1	SJBT030255_D1_vs_SJBT030255_G1	SJBT030581_D1_vs_SJBT030581_G1	SJBT030707_D2_vs_SJBT030707_G1	SJBT030896_D1_vs_SJBT030896_G1	SJBT030997_D1_vs_SJBT030997_G1	SJBT031235_D1_vs_SJBT031235_G1	SJBT031605_D1_vs_SJBT031605_G1	SJBT031948_D2_vs_SJBT031948_G1	SJBT032047_D1_vs_SJBT032047_G1	SJBT032346_D1_vs_SJBT032346_G1	SJBT032393_D1_vs_SJBT032393_G1	SJBT032417_D2_vs_SJBT032417_G1	SJBT033133_D3_vs_SJBT033133_G1	SJBT033236_D2_vs_SJBT033236_G1	SJBT034089_D1_vs_SJBT034089_G1	SJBT034110_D2_vs_SJBT034110_G1	SJMRT014754_D1_vs_SJMRT014754_G1	SJMRT015723_D1_vs_SJMRT015723_G1	SJMRT063832_X1_vs_SJMRT063832_G1
A[C>A]A	18	14	38	6	40	14	52	56	3	2	0	11	24	3	18	2	10	3	1	8	8	21	5	21	51	56	30	18	121	105	0	73	73	20	0	14	8	16	11	21	7	5	7	7	4	4	11	10	7	30	21	8	3	9	14	5	12	9	3	14	27	11	7	5	7	8	5	7	3	10	7	7	4	18	10	13	12	19	8	12	23	3	18	19	15	3	15	23	17	9	2	10	20	6	6	22	27	6	15	3	0	25	81	0	11	19	0	0	2	2	2	27	4	100
A[C>A]C	14	14	56	1	17	8	138	36	0	1	2	13	23	2	10	4	10	2	1	9	4	14	1	17	18	17	20	11	47	44	1	39	46	18	0	13	10	14	8	6	3	2	2	3	2	4	8	4	10	24	19	4	7	1	11	13	6	8	4	5	9	5	6	3	2	9	4	5	3	7	2	3	8	5	2	7	6	7	8	7	7	4	14	4	11	4	16	16	13	9	5	6	8	1	2	22	13	2	22	3	0	26	121	0	4	10	3	0	0	0	3	40	6	98
A[C>A]G	3	3	1	0	3	3	6	8	1	1	0	2	3	0	3	3	2	0	0	1	1	4	0	0	4	5	3	4	15	14	1	9	11	2	0	1	0	0	0	0	0	1	1	0	2	1	0	2	1	2	4	0	0	0	0	2	2	0	0	2	2	1	1	0	0	2	0	2	0	0	2	0	1	3	2	0	2	3	0	0	2	0	5	0	0	1	0	2	4	2	0	4	0	1	2	7	2	0	1	1	0	5	8	0	0	7	0	0	0	0	0	1	2	39
A[C>A]T	18	11	38	1	35	13	59	39	0	3	1	8	13	0	7	0	8	2	2	15	8	19	2	14	26	31	29	13	60	52	1	43	45	13	0	8	8	10	6	6	6	1	2	9	1	3	8	6	5	33	17	6	6	10	11	8	6	7	7	8	10	6	12	2	5	6	2	2	0	6	6	5	4	7	2	8	8	13	5	2	14	7	12	8	12	5	10	14	6	10	7	7	13	6	0	23	12	2	8	0	1	35	58	0	9	16	2	0	1	0	1	21	3	72
A[C>G]A	8	12	27	0	19	8	25	24	7	1	8	5	12	5	8	6	5	1	1	6	8	10	1	5	26	26	19	8	43	47	1	30	39	16	0	13	11	14	5	8	2	2	4	2	1	2	5	4	6	15	9	3	6	3	3	4	5	5	3	4	6	5	4	2	3	6	1	6	0	9	5	4	9	5	5	4	7	3	3	4	8	3	12	7	4	2	4	12	7	2	6	6	11	3	3	10	5	2	10	4	1	17	29	0	3	8	3	0	0	0	1	7	9	144
A[C>G]C	9	7	16	2	14	5	13	9	1	0	0	4	9	1	1	1	5	3	1	2	5	10	2	2	6	8	14	7	32	35	1	18	18	9	0	8	5	8	7	6	0	3	1	0	0	1	2	3	7	4	6	2	2	3	2	2	2	2	1	6	2	0	4	1	0	1	2	0	2	2	1	4	2	6	2	1	1	2	1	1	3	2	6	2	4	2	3	4	5	2	1	5	5	0	1	4	4	0	7	1	0	6	20	0	3	3	0	0	0	0	2	7	1	96
A[C>G]G	2	2	4	3	4	1	4	6	0	1	0	4	0	0	1	0	1	2	1	3	4	2	3	3	3	3	4	1	6	6	1	4	4	5	0	4	4	4	2	0	3	1	1	0	2	0	0	0	3	3	1	1	0	0	1	1	3	2	4	1	0	2	1	1	0	0	1	0	0	1	1	3	0	0	2	3	3	4	0	0	0	2	3	4	0	1	3	2	1	3	1	2	1	1	0	13	5	0	1	0	0	2	8	0	1	0	0	0	0	0	0	1	3	49
A[C>G]T	20	7	26	0	25	5	19	13	1	2	2	3	11	1	5	0	9	1	1	6	6	16	0	9	14	14	23	5	44	39	2	27	30	10	0	7	7	8	8	8	2	1	0	2	2	5	9	8	5	7	10	4	1	2	3	5	5	12	6	2	5	1	2	2	4	2	2	5	3	6	1	6	7	4	4	6	3	3	1	8	5	2	8	2	4	1	4	9	5	12	5	5	7	5	1	9	6	1	21	2	0	19	30	0	5	9	2	0	0	1	1	5	5	171
A[C>T]A	34	15	36	1	39	13	47	69	23	5	19	13	27	19	20	19	14	2	2	15	23	31	2	7	40	38	34	16	92	86	3	66	59	35	2	25	18	27	23	12	8	9	8	12	10	5	19	20	21	32	26	7	9	6	25	7	13	15	5	21	23	9	16	3	6	14	7	2	8	9	9	17	8	20	8	15	14	14	8	12	18	10	32	19	18	4	15	18	22	14	6	26	12	14	4	24	18	3	15	9	1	40	65	0	15	28	3	2	2	1	3	24	14	339
A[C>T]C	13	11	28	1	16	6	25	49	1	1	0	7	19	2	3	4	5	3	0	5	3	16	1	13	11	12	18	6	47	49	1	36	39	13	0	13	6	11	5	5	2	1	3	3	3	1	3	1	8	10	9	2	3	3	12	4	10	3	4	7	9	5	9	2	1	3	2	4	0	6	0	3	7	7	5	8	1	5	7	4	15	1	18	8	1	3	5	6	9	5	1	8	4	1	1	7	12	3	11	3	0	19	37	0	10	9	1	0	1	0	1	12	3	189
A[C>T]G	66	31	57	15	80	35	67	32	3	8	0	21	36	1	54	8	62	11	6	20	27	64	15	31	51	51	80	38	62	61	19	63	59	48	2	41	35	44	31	31	18	21	20	13	32	13	20	38	54	26	43	13	21	16	45	26	23	26	25	33	33	15	27	18	17	38	25	21	17	31	28	30	14	32	18	50	36	30	34	18	24	10	96	45	29	23	39	60	37	24	21	19	26	23	23	47	113	15	49	27	8	50	72	0	76	116	16	1	7	7	10	37	30	338
A[C>T]T	15	15	49	3	30	9	32	68	3	1	1	9	18	0	11	1	5	3	2	11	10	24	3	17	25	29	25	10	62	64	4	40	40	21	0	15	7	14	15	11	6	2	3	6	4	6	13	11	14	18	16	8	7	7	17	4	6	10	5	8	16	5	13	3	2	6	4	8	4	6	7	2	7	11	3	5	7	12	8	1	13	3	17	12	11	3	11	23	17	10	5	13	8	7	3	16	21	4	30	10	1	23	51	0	7	15	4	0	3	2	2	21	9	355
A[T>A]A	13	5	24	1	27	3	31	41	2	0	1	9	14	0	4	2	7	2	2	2	2	10	2	8	20	20	18	3	32	27	1	23	22	11	0	4	3	4	6	7	6	1	4	6	4	4	3	9	7	6	5	3	1	3	7	4	4	1	1	6	8	3	6	4	3	4	0	2	0	8	5	2	5	6	1	5	5	4	6	6	14	1	6	6	5	3	2	9	4	6	2	2	3	2	0	10	11	1	10	5	0	10	45	0	5	16	1	0	2	0	2	12	1	108
A[T>A]C	12	4	13	1	12	2	21	13	0	1	0	4	5	0	3	0	3	0	0	4	1	11	1	5	11	9	12	3	11	12	0	10	11	5	0	1	1	3	4	1	2	1	2	1	2	0	9	1	0	7	3	1	1	6	8	1	3	0	2	5	6	0	1	0	2	3	2	1	2	1	2	3	2	5	0	2	5	4	2	0	2	5	8	5	3	2	4	8	2	6	3	2	4	3	0	7	2	1	14	1	0	11	32	0	1	0	0	0	0	0	1	6	3	51
A[T>A]G	15	5	22	0	15	3	17	21	0	1	0	6	11	1	5	4	2	4	3	3	5	12	0	6	10	5	15	4	20	19	1	19	13	7	0	6	4	7	4	2	3	0	1	4	1	1	2	5	4	7	8	0	1	2	4	7	3	9	2	2	4	3	9	0	2	4	0	2	1	7	2	2	2	5	0	2	2	3	1	9	5	5	7	7	2	0	3	6	8	5	3	3	6	2	1	7	10	1	10	0	0	11	17	0	2	3	0	0	0	0	1	7	7	113
A[T>A]T	22	12	35	1	28	5	46	37	8	1	2	6	8	8	11	4	7	2	1	3	4	22	2	16	21	23	23	5	67	56	1	21	23	15	0	12	7	12	16	12	12	6	6	9	0	4	12	10	8	6	11	8	8	4	9	14	8	13	2	7	12	3	11	2	2	5	3	5	2	3	5	9	6	6	5	11	3	5	15	5	12	4	13	9	8	3	13	16	12	6	4	16	11	3	1	18	21	0	12	7	0	20	55	0	4	11	3	0	1	2	1	9	6	123
A[T>C]A	30	12	35	4	45	15	26	45	5	3	4	11	49	10	4	7	8	1	1	9	12	23	6	13	68	66	47	16	91	90	5	81	69	22	0	16	9	13	11	10	9	0	3	7	3	5	10	14	20	12	12	4	6	3	6	11	7	6	4	8	12	6	10	3	3	6	2	5	4	10	3	7	12	10	7	8	6	10	7	7	13	3	20	13	8	2	7	9	13	9	2	13	7	5	2	18	25	3	17	9	0	13	43	0	9	13	1	0	1	0	1	18	9	369
A[T>C]C	10	11	23	0	16	4	13	19	0	3	0	8	22	1	3	1	6	1	1	3	2	7	0	5	15	12	15	4	31	36	2	26	25	11	0	9	4	8	4	6	8	0	3	5	2	1	6	7	12	7	4	2	2	4	1	1	5	1	2	1	3	1	2	2	1	4	0	2	3	8	2	6	1	5	3	3	3	6	0	0	5	2	8	5	3	2	5	11	2	2	2	4	1	3	1	17	6	0	0	10	0	11	15	0	3	3	0	0	0	0	1	6	3	228
A[T>C]G	13	3	20	3	27	4	7	22	1	1	1	6	9	1	6	3	4	0	0	7	6	15	4	7	29	25	25	5	47	50	3	25	25	17	0	13	9	11	8	11	4	1	2	4	1	1	4	1	6	14	13	6	3	2	7	2	5	3	6	3	2	0	8	3	2	3	2	10	1	10	1	3	2	9	1	2	5	2	10	3	11	2	18	7	3	3	6	3	2	2	2	6	7	5	1	14	11	1	6	9	0	16	14	0	7	6	1	0	0	0	1	10	6	330
A[T>C]T	25	7	37	1	48	11	29	47	3	7	0	19	42	2	4	1	12	3	1	2	15	19	1	10	39	38	46	11	69	73	7	55	58	16	0	10	6	10	14	8	8	3	2	5	4	5	13	12	10	18	19	2	3	3	6	8	4	12	4	17	13	6	12	4	3	9	2	4	7	7	4	4	3	9	3	7	5	10	5	7	18	4	27	15	3	4	5	16	17	6	8	11	5	3	2	14	21	4	21	5	1	22	53	0	9	13	3	0	0	0	2	9	13	384
A[T>G]A	2	1	11	0	12	1	11	11	0	0	2	3	5	1	2	1	1	0	0	3	5	1	1	5	5	5	12	1	12	13	0	16	24	4	0	2	1	2	5	4	4	1	0	0	1	0	3	2	2	4	6	2	2	0	2	1	1	0	0	1	1	1	2	2	3	0	1	1	1	4	0	6	5	4	1	3	2	2	3	2	2	3	6	2	1	0	3	2	0	4	1	7	2	0	1	9	4	0	6	1	0	2	23	0	3	3	0	0	1	0	1	1	1	116
A[T>G]C	1	1	7	1	3	0	7	5	0	0	0	1	6	0	0	2	0	0	0	0	1	1	1	1	0	1	3	0	12	7	0	7	7	2	0	2	2	2	2	3	5	0	1	2	0	1	1	3	0	4	1	0	2	1	0	3	2	0	1	1	0	0	3	0	1	0	0	0	0	1	0	2	2	0	0	0	0	2	0	2	1	1	2	2	0	0	2	3	2	2	0	2	1	0	0	3	5	1	2	2	0	2	6	0	2	1	0	0	0	0	2	2	1	53
A[T>G]G	6	3	12	0	12	3	10	7	1	3	0	2	2	1	4	4	3	0	0	3	0	10	0	7	7	9	9	2	21	17	2	13	13	5	0	5	3	5	2	1	2	1	1	5	0	3	4	2	4	6	4	0	0	2	4	2	0	2	5	3	5	5	0	1	0	2	0	1	2	3	0	0	3	4	4	1	1	3	3	1	2	2	4	3	2	2	2	6	3	2	3	5	3	1	0	3	1	0	4	2	0	4	14	0	1	4	0	0	1	0	0	4	3	85
A[T>G]T	7	7	15	0	16	8	9	9	1	1	0	1	4	0	1	2	4	2	1	5	9	5	1	3	10	19	21	8	40	37	0	13	18	2	0	2	0	2	19	4	40	1	1	9	2	1	10	6	7	2	8	1	1	2	2	5	6	7	2	1	7	3	3	0	2	2	0	2	3	3	1	1	0	3	2	2	1	1	5	5	8	1	1	2	3	3	0	8	2	1	2	3	0	3	2	2	3	2	1	4	0	7	16	0	4	5	0	0	0	0	1	1	2	91
C[C>A]A	19	10	53	1	39	18	103	61	1	1	1	14	11	3	5	6	6	1	0	10	6	21	1	7	41	45	33	19	116	104	1	72	61	21	0	17	8	17	8	14	4	0	6	5	8	3	13	7	10	51	15	3	5	4	10	10	7	19	7	4	29	4	12	3	9	7	3	6	2	6	6	7	4	17	5	13	7	5	9	3	20	6	18	9	9	6	21	9	13	8	2	12	16	3	5	18	12	0	32	13	0	20	141	0	9	17	1	0	1	0	2	21	10	150
C[C>A]C	10	2	63	1	20	4	41	32	5	0	0	8	12	3	5	10	4	0	0	5	9	11	2	8	22	23	16	7	39	35	0	36	36	6	0	7	4	6	6	3	0	0	1	4	1	3	4	5	3	30	9	3	0	2	9	5	3	6	2	3	8	1	2	1	2	0	3	2	0	8	4	7	6	2	3	4	5	12	1	6	5	3	10	9	4	5	10	13	6	6	3	8	4	1	1	20	7	0	46	3	1	14	114	0	8	6	0	0	0	0	2	13	3	115
C[C>A]G	7	1	4	1	2	3	4	6	0	0	0	1	3	0	1	4	3	0	0	0	4	6	1	0	5	6	2	2	10	12	0	10	13	2	2	1	1	2	1	3	0	0	1	1	0	0	1	0	3	6	1	0	2	1	1	0	0	1	0	1	0	1	1	2	1	3	2	3	0	1	0	1	1	0	3	2	2	1	1	1	3	0	4	1	0	0	4	0	2	2	0	6	1	3	0	0	3	1	6	2	0	4	15	0	4	4	1	1	0	0	0	8	2	106
C[C>A]T	16	13	60	2	27	11	105	34	0	1	0	19	12	0	8	0	4	6	5	11	11	17	4	11	30	26	21	12	114	125	2	59	61	23	0	13	8	15	9	11	4	0	6	13	2	3	14	3	14	34	12	4	6	4	9	7	5	8	4	5	30	1	7	3	5	4	3	9	7	5	9	6	5	13	7	13	7	14	13	11	14	4	10	13	9	6	17	15	13	14	4	13	12	5	3	16	14	0	105	9	2	17	258	0	6	10	3	0	2	1	0	22	4	109
C[C>G]A	8	3	13	1	7	2	16	17	0	2	0	2	20	0	5	1	2	2	1	1	6	7	2	8	7	11	7	2	25	28	1	29	32	11	0	7	5	7	6	3	2	1	1	6	2	1	7	0	6	5	4	2	2	2	2	3	3	3	2	2	7	2	2	1	2	2	0	1	1	3	0	2	2	3	1	7	1	5	2	3	4	0	7	7	0	0	4	5	4	0	2	5	1	2	0	10	4	0	8	1	0	9	16	0	1	4	0	0	0	0	0	7	2	53
C[C>G]C	6	4	11	1	8	1	9	11	1	0	0	2	13	1	2	0	3	1	0	3	3	4	1	5	7	9	8	1	25	24	1	23	21	8	0	7	3	6	1	1	2	1	0	4	2	0	3	2	5	7	1	1	3	1	0	0	3	3	2	3	5	2	1	1	0	4	2	0	1	0	1	2	4	4	0	3	3	7	1	1	2	0	4	7	1	1	4	6	5	4	2	3	4	0	0	7	2	0	8	1	0	6	20	0	0	2	0	0	0	0	0	3	4	51
C[C>G]G	4	2	5	0	4	1	2	0	1	1	0	3	3	0	0	0	2	1	1	2	1	3	0	3	2	2	4	1	8	4	1	6	6	6	0	5	3	5	1	1	1	0	0	0	1	0	0	0	0	2	0	0	1	0	1	2	0	0	1	1	2	2	1	0	0	1	0	0	0	0	1	0	1	2	2	1	0	1	1	2	2	0	2	1	0	0	1	4	0	0	0	3	0	3	0	6	2	2	2	0	0	5	4	0	1	2	0	0	1	0	2	3	1	98
C[C>G]T	11	4	17	2	19	2	19	19	0	0	0	4	18	0	2	1	2	3	1	2	2	12	2	8	13	11	15	3	29	28	0	33	35	4	0	2	1	2	3	4	6	2	0	4	1	0	2	1	3	9	9	0	1	1	4	5	1	6	2	6	5	1	4	2	0	2	2	1	2	6	2	4	5	2	1	8	5	1	2	4	3	2	7	2	3	2	2	7	2	6	0	5	5	3	1	10	2	1	13	0	0	10	34	0	3	1	0	0	0	0	1	9	6	63
C[C>T]A	36	11	35	2	35	21	113	31	2	3	1	10	20	3	10	6	5	3	3	11	14	32	2	17	38	43	33	22	79	76	1	50	43	14	0	14	7	14	12	14	5	2	6	4	7	4	5	7	17	17	15	4	10	3	12	5	7	8	5	8	15	5	9	7	5	10	4	6	5	4	9	8	7	13	3	15	12	9	10	6	11	1	20	10	3	2	11	23	8	5	2	10	9	3	2	10	23	4	23	6	1	28	174	0	8	10	0	0	0	2	3	21	5	344
C[C>T]C	24	14	89	2	29	14	424	40	1	2	1	34	10	1	5	7	5	2	1	7	7	20	4	9	22	23	28	19	64	56	3	26	28	37	0	22	12	19	10	10	5	3	6	8	6	1	10	9	8	15	14	5	4	1	7	4	8	5	6	7	18	5	4	3	1	6	4	9	1	6	4	5	8	11	7	8	1	2	5	6	3	2	14	10	8	4	10	14	19	5	2	9	4	4	1	11	19	3	247	4	0	22	535	0	9	12	1	0	0	1	2	40	4	519
C[C>T]G	78	37	62	5	41	26	49	35	2	7	2	17	26	0	32	4	26	11	7	11	17	68	5	10	44	40	38	26	54	53	9	47	44	28	1	28	18	28	13	26	12	7	14	14	22	10	11	21	32	12	26	4	9	12	20	18	15	11	11	20	29	14	14	8	10	18	16	11	8	12	15	18	8	31	15	29	16	13	17	5	13	8	62	29	18	9	29	35	25	13	8	14	22	12	8	31	51	8	25	15	6	32	61	0	38	60	7	0	5	5	6	28	17	408
C[C>T]T	29	13	114	0	43	18	316	68	0	2	2	40	25	2	4	1	6	3	2	15	11	25	0	15	32	37	40	22	59	53	3	42	44	36	0	18	11	20	18	12	7	3	3	11	4	5	20	6	11	14	16	2	4	5	5	7	15	6	7	10	13	8	12	3	8	16	0	12	3	6	8	5	5	10	11	9	9	14	5	8	17	2	37	13	4	4	11	16	13	7	4	11	10	5	0	24	24	1	168	13	0	28	524	1	11	15	1	1	3	0	1	43	9	493
C[T>A]A	3	1	45	0	6	2	119	34	1	0	0	9	8	1	2	3	1	1	1	5	3	5	0	4	10	8	6	2	9	10	0	15	14	9	0	5	3	4	3	4	0	2	2	1	1	1	4	3	1	6	10	0	0	2	5	2	5	3	0	1	3	2	1	2	2	0	1	2	0	6	0	1	0	3	0	1	1	4	1	3	7	1	2	3	6	0	4	4	2	4	0	7	4	2	0	6	4	3	47	2	0	7	126	0	1	5	0	0	0	0	0	5	5	115
C[T>A]C	4	5	30	2	8	2	98	26	6	2	2	8	2	3	1	5	1	0	0	3	9	6	2	11	8	6	8	2	17	12	2	10	8	19	0	8	8	8	5	7	6	0	1	6	3	1	3	2	9	7	2	0	3	6	3	5	2	5	1	1	2	2	6	1	3	4	1	2	2	2	3	1	2	7	3	7	1	2	2	3	9	2	7	9	5	2	3	5	6	3	1	5	7	2	1	14	5	0	22	3	0	19	125	0	4	9	0	0	0	0	1	18	2	109
C[T>A]G	7	0	51	0	14	4	143	18	2	2	1	6	4	1	5	3	5	0	0	3	5	6	0	11	15	16	15	4	14	15	0	14	16	10	0	5	4	6	3	3	7	0	0	3	0	3	6	2	1	8	5	5	1	0	5	0	3	2	4	4	1	1	0	3	1	4	0	0	3	6	1	4	5	4	1	2	2	6	2	4	4	3	9	1	1	0	0	9	2	4	4	1	3	1	0	7	3	0	45	1	0	10	116	0	1	5	0	0	0	0	0	8	6	267
C[T>A]T	9	5	58	2	21	2	191	34	0	2	1	10	8	3	7	1	5	4	3	6	8	9	2	9	18	22	25	2	22	22	0	21	23	15	0	10	8	7	12	4	25	1	4	10	2	1	7	4	6	18	7	2	5	2	5	4	10	12	3	8	14	1	6	2	1	2	2	6	1	6	3	7	5	8	5	5	9	7	11	5	9	3	11	9	5	1	4	9	9	6	1	7	7	5	1	30	5	0	52	2	0	27	182	0	3	11	0	0	1	0	1	18	4	165
C[T>C]A	15	3	22	2	15	4	25	14	0	1	0	6	16	1	0	2	4	0	0	7	3	13	2	10	24	23	11	5	35	37	0	25	27	9	0	5	3	5	6	2	4	1	3	4	1	0	0	1	4	9	7	1	1	1	2	5	4	4	3	9	6	5	4	3	4	3	2	3	0	3	2	4	4	5	3	2	1	5	5	5	3	3	5	3	2	2	2	9	4	2	5	8	6	1	2	6	8	1	14	0	0	14	33	0	5	6	0	1	1	0	0	6	7	397
C[T>C]C	19	1	17	1	26	3	41	22	0	3	1	10	33	2	3	2	0	1	0	7	7	22	1	5	12	12	22	4	30	32	0	40	46	15	0	10	8	10	14	6	21	1	1	13	2	2	11	14	6	9	7	3	0	2	6	5	4	7	2	3	9	0	8	2	1	4	1	2	3	2	1	6	3	6	4	4	6	5	6	1	10	3	12	7	4	1	4	12	6	5	3	4	7	1	1	19	6	1	6	4	0	27	61	0	7	8	1	0	1	0	1	12	6	283
C[T>C]G	13	7	24	1	23	4	21	14	0	1	0	6	10	0	2	1	3	2	1	7	6	15	1	13	16	14	25	4	46	49	2	22	24	7	0	4	2	3	4	4	15	1	0	5	1	2	9	4	9	7	6	5	3	4	2	4	2	2	4	7	9	1	5	0	3	4	0	5	1	7	5	5	3	6	0	3	5	4	6	2	6	2	6	5	0	1	4	9	4	4	3	4	0	1	0	7	4	2	13	2	1	25	42	0	3	7	1	0	0	2	2	6	4	384
C[T>C]T	14	3	34	3	61	9	54	38	1	1	4	12	11	5	6	4	3	1	0	8	12	14	3	8	14	21	64	8	40	44	1	21	17	11	0	8	9	9	24	10	93	3	3	32	0	3	14	17	16	11	4	3	9	6	2	4	18	15	2	13	12	5	13	7	1	6	3	5	4	7	4	7	7	9	3	4	6	5	4	12	22	4	15	4	2	1	8	21	10	8	5	11	3	4	0	12	3	0	9	6	0	23	73	0	8	7	1	0	1	0	2	15	4	425
C[T>G]A	1	1	12	0	11	5	5	10	0	0	0	2	7	0	0	0	1	0	0	0	3	3	0	2	7	8	6	5	13	11	0	9	10	6	0	3	3	3	1	2	6	1	0	2	0	1	0	4	1	4	1	0	0	2	1	2	2	1	0	2	4	1	2	1	2	0	0	2	0	1	2	1	3	3	2	3	1	3	3	1	3	0	3	0	1	1	3	5	4	2	1	7	2	2	0	2	1	0	7	2	0	1	12	1	4	2	0	0	0	0	0	0	1	78
C[T>G]C	4	3	11	1	8	0	5	5	0	1	2	1	4	1	0	1	1	1	0	2	1	4	1	3	4	2	8	1	16	16	1	7	9	2	0	0	0	0	2	1	25	0	1	4	0	1	3	2	5	5	1	3	2	1	1	2	3	0	5	2	1	3	1	1	1	1	0	1	3	0	2	2	2	2	0	1	3	1	2	3	4	1	1	1	0	3	2	7	1	0	0	1	1	0	0	3	0	0	2	2	0	1	15	0	1	2	1	0	0	0	0	7	1	68
C[T>G]G	7	0	10	0	11	4	20	15	0	1	0	6	7	0	1	1	2	2	1	3	1	7	0	4	10	10	10	5	12	11	0	11	13	3	0	3	2	3	4	4	8	0	0	2	4	5	8	3	4	3	8	3	2	1	3	2	4	4	2	4	2	1	4	3	3	4	0	1	0	2	1	2	4	0	4	1	2	5	1	0	3	0	6	3	2	1	6	6	5	4	0	1	3	2	1	7	1	0	3	1	0	7	17	0	5	1	0	0	0	0	0	7	3	120
C[T>G]T	10	1	28	2	115	2	22	31	1	1	0	8	8	0	2	0	0	1	0	8	16	9	2	15	16	17	109	3	28	32	2	20	17	13	0	11	7	11	39	9	319	1	5	63	0	1	36	26	6	5	5	6	13	8	3	5	15	12	2	13	20	6	20	2	4	4	3	7	3	7	4	4	6	11	6	12	13	15	3	10	32	10	6	10	3	2	1	44	10	5	6	3	6	3	1	20	3	0	6	11	0	11	41	0	3	2	1	0	0	0	0	9	10	94
G[C>A]A	19	9	77	4	28	16	81	35	1	3	2	11	25	1	10	3	8	5	4	18	9	18	4	19	61	55	20	22	139	142	3	86	80	19	0	12	6	10	7	14	4	3	7	11	6	1	11	12	12	41	16	3	0	6	6	10	7	11	3	6	29	3	5	3	7	8	6	13	1	4	3	9	3	20	3	17	11	10	8	11	12	5	18	5	17	5	32	21	19	10	7	5	14	5	7	16	14	0	6	4	2	15	107	0	9	15	1	0	2	0	1	42	7	173
G[C>A]C	13	7	127	1	12	8	138	31	2	2	0	19	16	1	3	0	2	0	0	6	9	13	1	9	21	27	12	9	35	35	0	37	27	13	1	3	2	2	4	4	4	2	1	1	2	0	2	2	2	21	7	0	0	1	5	2	3	3	3	5	8	3	3	4	3	2	0	1	0	4	1	2	3	7	1	3	1	2	2	4	4	2	10	2	3	4	9	7	6	2	5	4	2	0	2	6	5	0	37	1	0	13	176	0	2	5	2	0	0	1	1	39	1	129
G[C>A]G	2	0	2	0	2	2	4	2	0	0	0	1	3	1	1	2	1	1	1	0	2	1	1	3	3	5	1	2	13	11	3	11	9	6	0	4	2	3	1	1	0	0	1	1	1	0	0	2	2	2	2	0	1	1	0	1	1	1	1	2	1	0	0	0	1	2	0	2	0	1	0	2	0	1	2	0	0	2	1	0	2	0	3	0	1	0	3	0	2	0	0	0	1	1	1	1	4	1	4	2	0	1	9	0	1	1	0	0	0	0	1	3	1	100
G[C>A]T	14	10	49	1	19	14	48	27	1	4	0	11	27	1	5	1	2	1	1	7	5	14	1	11	40	45	13	15	127	119	1	59	58	12	0	8	6	7	7	12	4	1	2	6	5	3	7	5	4	21	14	2	7	4	7	11	8	6	4	7	15	4	5	2	0	8	4	1	3	3	5	8	3	16	4	6	3	4	9	3	16	1	12	7	9	3	21	14	15	5	2	4	14	0	4	15	14	1	16	3	0	21	51	0	5	12	0	0	1	0	3	24	6	108
G[C>G]A	8	3	17	0	7	1	8	10	0	0	0	2	16	2	1	1	1	0	0	3	4	7	0	11	7	9	10	1	14	15	0	25	24	5	0	3	1	4	3	4	2	0	3	2	1	0	1	1	3	3	3	0	1	2	1	1	1	0	4	1	5	1	1	1	0	6	1	1	0	3	2	4	0	1	0	1	3	5	0	2	5	0	6	4	2	0	0	4	4	2	1	2	1	0	0	3	3	0	5	1	0	3	26	0	0	4	0	0	0	0	0	5	7	87
G[C>G]C	6	1	46	0	5	1	98	8	0	0	0	11	10	0	1	2	4	0	0	1	4	2	0	3	3	3	4	1	16	13	0	15	19	10	0	1	0	1	3	2	1	0	0	1	0	1	1	2	2	5	0	3	1	0	2	1	2	4	0	2	3	0	2	0	2	2	0	1	2	4	0	5	1	1	2	1	0	3	0	5	3	1	2	1	1	1	2	5	2	5	0	7	2	1	0	7	5	0	17	1	0	5	42	0	1	1	0	0	0	2	0	9	1	158
G[C>G]G	1	0	2	0	1	0	3	2	1	0	0	3	0	1	1	0	1	0	0	1	0	0	0	4	3	4	2	1	3	3	1	0	1	2	0	2	2	2	0	0	0	0	2	0	0	0	2	1	0	2	1	0	0	0	1	1	0	1	1	0	1	0	2	0	0	0	0	0	0	0	0	0	0	2	0	0	2	0	3	3	0	0	0	0	0	0	0	2	1	1	0	2	2	1	0	4	0	0	2	3	0	3	4	0	0	1	0	0	0	0	1	2	0	42
G[C>G]T	4	1	29	0	14	4	18	16	0	3	1	6	6	0	2	2	2	1	0	7	1	3	0	3	8	7	11	5	11	13	0	20	19	9	0	4	4	6	3	1	1	0	0	2	0	1	2	3	4	3	3	0	3	2	4	0	1	2	0	4	7	0	2	3	1	3	2	1	0	2	3	5	3	3	0	3	4	3	3	1	2	0	7	2	0	3	3	4	3	3	1	4	1	2	0	8	4	1	6	4	0	10	24	0	2	3	0	0	0	0	2	7	2	93
G[C>T]A	30	17	61	1	34	11	47	52	0	2	0	9	31	2	10	1	12	2	0	11	13	27	2	13	24	26	33	13	55	54	7	51	52	20	2	10	4	11	11	6	4	0	1	8	7	6	9	15	8	19	17	3	4	2	10	6	6	7	4	12	7	4	7	6	5	9	3	4	5	6	10	5	4	11	2	13	0	11	4	9	5	3	23	12	7	2	9	10	9	7	8	13	9	5	2	20	18	1	24	3	2	16	66	0	7	12	0	0	0	0	4	19	8	293
G[C>T]C	17	5	44	4	22	12	52	56	0	2	0	11	22	1	7	2	12	2	2	10	11	17	3	11	28	26	19	12	49	45	2	41	36	23	0	10	10	10	9	5	6	2	5	10	5	2	4	9	9	9	9	4	2	1	12	4	8	4	5	10	11	2	4	2	2	8	4	6	2	2	3	5	1	7	8	9	4	5	4	3	10	4	19	10	2	0	10	8	10	2	0	9	5	2	1	8	17	1	26	6	0	18	56	0	6	12	2	0	0	1	3	13	10	259
G[C>T]G	80	29	54	4	77	34	41	28	1	5	4	14	25	6	32	4	31	11	5	17	26	81	5	23	49	52	68	36	61	62	12	45	46	37	3	32	21	34	21	16	13	16	7	7	11	6	17	20	41	9	21	9	15	11	38	11	22	12	12	19	24	16	17	11	10	20	16	14	8	15	15	24	8	31	11	33	26	15	19	13	11	15	69	26	18	10	25	41	32	11	10	17	13	9	7	37	71	14	44	11	2	25	50	0	52	70	5	0	5	7	4	22	20	304
G[C>T]T	23	13	56	2	32	6	42	72	1	0	1	8	25	0	5	3	5	2	1	3	9	27	3	15	21	22	30	8	40	41	1	48	49	22	0	17	10	15	7	6	3	5	3	14	7	2	7	7	12	11	18	7	7	2	11	12	4	9	4	11	11	2	16	4	2	4	1	4	1	11	1	11	3	15	1	2	16	9	5	10	10	6	17	7	4	4	4	19	7	6	4	6	9	5	0	23	18	1	19	3	0	17	78	0	7	9	2	0	0	1	0	20	6	391
G[T>A]A	4	2	10	0	9	0	25	22	0	1	0	1	10	0	3	1	4	0	0	3	2	4	0	3	8	9	5	0	9	8	1	10	11	3	0	0	0	1	2	6	0	1	1	2	2	1	2	1	3	4	4	3	0	1	2	2	2	0	0	1	2	1	2	0	1	1	1	1	2	2	2	0	2	2	2	1	2	1	3	1	7	2	5	2	0	1	3	4	1	2	0	1	3	0	1	8	0	1	6	0	0	5	26	0	2	2	0	0	1	0	0	4	4	72
G[T>A]C	5	0	9	1	12	1	25	8	0	0	0	3	2	0	1	0	3	0	0	3	1	7	1	5	4	4	14	1	7	11	0	3	5	4	0	4	4	4	2	1	3	0	1	0	0	1	2	1	2	9	7	1	2	3	2	3	2	1	2	1	3	0	0	1	1	0	1	0	0	2	0	0	2	1	1	3	0	1	0	1	3	1	5	1	1	1	4	5	4	1	0	1	3	0	0	2	2	0	6	0	0	9	14	0	3	2	0	0	0	0	1	5	0	47
G[T>A]G	3	2	14	0	5	1	23	22	6	0	1	3	10	3	2	6	3	0	0	2	3	5	0	10	3	4	4	1	10	10	0	17	19	5	0	3	2	3	3	4	0	2	2	0	0	1	2	1	1	0	5	1	0	0	5	1	2	2	2	6	1	1	0	0	1	0	1	0	0	2	0	0	1	1	2	3	1	2	1	1	1	0	3	0	1	2	2	3	2	4	0	0	1	1	0	6	3	4	5	0	0	7	12	0	3	2	0	0	0	0	0	1	4	126
G[T>A]T	5	4	13	0	12	4	14	22	1	3	0	2	9	1	3	2	1	0	0	5	1	8	0	7	15	13	12	5	9	12	0	17	15	12	0	7	4	5	8	2	8	1	1	2	1	2	2	4	8	7	9	2	1	1	8	6	3	2	2	6	4	3	3	2	4	3	0	0	1	5	1	5	3	1	5	5	1	7	0	2	8	5	8	5	2	1	1	4	3	3	7	3	4	5	1	10	7	1	8	0	0	10	30	0	1	3	0	0	0	0	0	8	3	73
G[T>C]A	8	8	21	2	32	8	16	31	1	3	0	10	31	1	4	2	4	3	3	7	5	9	3	5	21	28	25	10	39	38	1	43	44	6	0	3	3	3	5	3	11	1	3	2	3	2	4	3	9	8	7	2	6	3	4	8	2	7	2	3	9	2	10	3	4	8	1	2	2	5	1	4	3	5	4	7	6	5	5	1	6	1	14	5	1	5	6	5	3	6	4	5	4	5	1	8	7	1	9	1	0	11	23	0	10	8	0	0	0	0	0	6	4	293
G[T>C]C	7	3	21	2	12	3	60	10	1	2	0	5	12	0	4	2	5	2	0	4	3	7	3	5	9	7	12	3	23	22	0	18	16	13	0	7	6	7	5	4	11	0	1	6	2	1	8	3	5	0	6	2	1	1	4	2	3	2	1	4	6	5	6	3	2	1	1	4	4	6	3	1	3	4	1	2	1	5	7	4	4	4	10	3	1	0	3	6	4	4	1	4	2	3	1	12	9	1	24	2	0	15	41	0	5	7	0	0	0	0	0	6	5	244
G[T>C]G	14	3	17	0	12	3	14	14	6	1	2	7	10	12	1	6	2	0	0	4	4	17	0	7	10	11	13	4	17	23	1	18	18	8	0	6	4	7	7	7	6	1	0	5	1	2	6	7	10	1	2	1	3	3	3	1	1	2	2	1	2	3	2	2	2	5	1	4	1	4	0	2	5	3	1	3	2	4	0	3	3	0	9	2	3	1	8	9	3	3	3	3	2	3	1	6	6	0	8	7	0	10	16	0	4	6	1	0	0	0	1	4	0	226
G[T>C]T	16	8	21	0	19	5	31	39	1	0	0	8	21	1	9	2	7	1	0	5	6	19	1	11	20	23	24	6	51	51	3	36	32	10	0	7	4	7	13	7	10	3	2	5	2	2	7	4	11	7	9	4	2	5	4	4	5	3	5	4	5	1	5	1	3	5	3	5	2	2	1	9	4	7	10	5	3	1	2	6	5	2	14	8	1	0	7	10	12	5	3	7	2	3	0	8	7	2	14	6	0	16	42	0	7	10	3	0	4	0	2	5	8	442
G[T>G]A	4	1	6	0	3	1	3	5	0	0	0	2	2	0	2	0	1	1	0	4	0	3	0	2	3	3	4	2	2	3	0	9	6	4	0	3	3	3	0	3	1	0	0	0	0	0	1	0	3	3	5	1	1	0	2	0	2	3	1	1	1	0	1	0	1	0	2	1	1	3	0	2	2	2	0	3	1	3	0	0	1	0	2	0	0	0	0	3	1	2	2	1	1	1	1	2	0	0	1	1	0	0	8	0	2	1	0	0	0	0	0	2	2	112
G[T>G]C	2	1	4	1	3	1	16	3	0	1	0	1	3	0	0	0	1	0	0	4	0	2	0	0	3	3	4	1	2	3	0	4	4	5	0	1	0	0	3	1	6	0	1	1	0	2	2	1	0	3	0	0	0	1	0	0	3	2	2	1	0	0	1	0	1	1	0	1	0	2	0	2	1	0	0	3	0	0	0	0	2	0	1	1	2	1	1	3	0	1	0	0	0	0	0	1	3	0	3	0	0	4	13	0	0	1	0	0	0	0	0	5	2	69
G[T>G]G	5	1	9	0	4	2	15	9	0	0	0	3	4	1	1	1	1	0	0	2	1	5	0	7	5	4	1	3	8	10	1	8	9	6	1	3	3	3	3	1	4	0	1	2	0	0	2	4	4	3	5	0	3	0	2	3	2	2	1	1	2	2	2	0	0	1	1	3	1	2	2	2	0	3	2	3	1	2	3	2	2	2	5	6	4	2	1	5	2	5	3	2	1	0	0	7	3	0	6	1	0	6	19	0	0	2	0	0	0	0	0	5	3	119
G[T>G]T	9	4	12	1	23	5	9	13	1	0	0	6	8	0	3	0	3	1	1	4	9	5	1	2	13	16	27	5	22	22	0	12	14	5	0	4	2	4	13	0	83	1	0	16	1	2	15	10	7	6	6	1	3	5	1	7	2	4	3	9	3	1	8	0	2	0	0	4	0	4	1	2	3	3	5	3	8	5	5	5	9	3	4	4	2	4	2	19	3	7	3	5	2	2	0	5	2	1	6	1	0	2	20	0	1	1	0	0	0	0	0	5	3	87
T[C>A]A	25	8	43	0	37	19	61	45	0	3	2	14	23	0	10	1	7	2	1	14	10	24	1	12	56	60	28	22	141	139	0	83	83	13	0	9	7	10	14	9	4	4	4	13	8	0	12	6	13	46	16	5	1	5	8	16	9	6	6	7	24	5	11	5	2	6	3	9	3	12	8	13	7	21	7	7	6	3	11	13	23	6	12	8	10	4	24	14	18	3	3	18	11	5	5	19	23	0	18	7	0	19	67	0	16	14	1	0	0	0	0	28	5	128
T[C>A]C	12	6	50	2	24	9	71	43	0	0	0	13	17	0	6	1	7	2	1	12	5	13	2	21	34	37	21	10	84	82	1	69	55	20	0	14	5	15	4	11	9	1	2	1	6	2	7	7	7	25	5	4	2	2	5	6	3	6	5	3	15	5	5	0	4	4	0	5	3	3	6	8	6	9	3	4	3	4	5	3	7	2	14	7	5	3	14	12	6	6	2	12	10	2	3	13	14	2	14	8	1	16	89	0	4	9	0	0	0	0	1	26	6	111
T[C>A]G	6	2	8	0	3	0	3	4	0	1	0	1	1	0	0	0	1	0	0	1	1	5	0	2	4	5	2	0	17	16	0	11	11	0	0	0	0	0	1	0	0	0	1	0	0	0	0	0	3	4	2	1	1	0	0	0	1	1	0	0	6	1	1	0	0	2	1	0	0	0	0	0	2	1	1	3	2	0	1	0	0	1	0	2	2	0	2	0	2	0	1	4	2	1	1	3	1	0	1	0	0	0	4	0	2	4	0	0	0	0	1	6	1	43
T[C>A]T	37	22	58	1	55	18	98	44	2	6	3	22	22	1	20	3	7	5	2	22	14	40	3	19	69	80	47	21	276	267	0	97	116	34	0	26	13	28	22	13	8	3	7	14	7	8	14	15	23	73	24	5	6	5	12	13	14	9	5	13	45	5	22	6	10	10	6	12	7	7	6	15	10	28	14	17	11	11	18	12	27	6	24	19	19	3	40	27	22	7	7	30	34	13	7	29	39	0	23	4	1	19	135	0	16	25	0	0	0	1	0	40	6	105
T[C>G]A	30	4	26	3	43	9	27	22	0	3	0	6	15	2	2	2	4	3	3	8	2	27	3	11	28	36	40	9	63	61	2	40	36	13	0	10	7	12	5	5	5	2	4	0	2	2	10	3	17	9	8	5	3	3	4	8	2	5	7	5	9	3	3	5	1	9	1	1	0	3	3	8	6	5	4	8	3	7	5	6	12	1	11	12	3	2	6	16	7	4	2	32	6	2	1	3	5	2	14	4	0	9	37	0	6	7	0	0	0	1	0	4	10	151
T[C>G]C	24	5	16	0	27	6	17	20	0	2	0	4	12	2	3	1	4	0	0	5	3	19	1	7	16	18	19	7	45	40	1	23	33	7	0	5	3	4	8	4	3	0	1	0	2	3	3	0	5	8	7	2	2	2	4	1	3	2	1	4	7	1	6	0	1	5	2	1	2	3	2	3	1	2	2	5	4	0	6	1	2	2	10	2	4	1	4	4	0	4	1	14	5	0	2	8	3	0	13	2	1	9	19	0	9	8	0	0	0	0	0	6	6	111
T[C>G]G	5	2	5	0	2	0	4	5	1	1	0	0	2	0	0	0	1	3	3	0	2	6	0	1	0	0	2	0	8	8	0	2	5	2	0	2	1	2	0	1	1	0	0	2	2	1	0	0	0	2	3	0	0	0	0	0	2	2	1	0	3	1	0	0	1	2	0	0	1	1	0	0	2	0	2	3	0	0	0	1	2	1	2	0	0	1	1	2	0	2	1	2	0	0	1	2	2	1	1	1	0	1	5	0	1	0	0	0	0	0	1	2	2	55
T[C>G]T	36	11	54	1	69	12	65	23	0	2	4	14	25	1	13	3	5	0	0	17	13	38	2	13	38	48	58	13	126	128	1	71	74	17	0	16	11	17	16	6	2	0	1	3	0	6	9	10	11	22	17	1	7	3	9	13	6	11	9	10	21	5	8	5	5	10	3	5	3	12	6	10	7	17	7	13	6	9	3	7	25	6	19	23	6	2	11	17	7	7	6	50	9	4	0	19	10	3	29	13	0	18	53	0	15	9	0	0	0	0	3	13	18	177
T[C>T]A	46	18	41	1	63	23	53	49	2	3	1	16	28	1	27	2	3	4	3	92	10	45	2	10	52	59	58	24	146	132	1	72	71	16	1	13	6	11	22	13	5	6	6	9	16	7	11	12	25	16	25	7	5	7	20	13	14	10	12	15	39	11	11	3	4	12	5	5	7	6	4	9	6	16	9	26	13	9	18	10	24	12	31	14	10	8	24	27	15	4	5	33	20	5	2	23	20	4	10	6	0	22	53	0	22	18	0	0	0	0	1	17	17	282
T[C>T]C	41	11	70	2	39	21	58	61	1	4	1	15	17	4	17	3	9	3	1	46	14	41	3	17	43	47	35	22	97	88	0	38	40	21	0	13	9	13	11	10	5	5	4	13	8	3	8	7	20	15	16	5	11	7	18	11	5	6	5	8	18	2	14	6	4	19	6	4	1	9	11	10	6	21	5	22	5	4	7	7	17	7	30	13	4	5	13	24	11	5	5	21	20	0	2	7	27	6	21	3	0	27	91	0	7	15	1	1	1	1	1	21	20	310
T[C>T]G	46	22	36	3	39	19	25	21	4	2	2	11	19	2	31	5	24	9	5	17	12	42	3	11	26	29	35	22	44	44	7	40	42	24	1	18	15	20	13	14	10	11	6	5	16	8	12	15	25	14	17	10	8	9	21	17	13	7	15	20	20	7	8	9	7	16	6	8	7	13	15	11	4	16	10	21	18	17	10	8	14	2	46	28	9	12	29	23	17	12	6	17	16	14	6	26	48	8	26	15	2	25	29	1	24	45	11	0	1	4	2	16	13	245
T[C>T]T	55	19	58	3	70	30	97	72	3	6	2	21	18	1	22	1	10	6	2	52	8	44	4	21	70	76	63	32	129	124	4	56	58	35	0	26	17	25	35	13	9	3	8	9	10	8	14	11	42	13	20	10	12	11	22	9	8	9	13	17	26	13	9	7	12	20	7	6	7	6	10	13	10	23	9	25	6	15	12	13	22	10	30	19	5	5	25	33	19	14	7	37	16	1	1	14	23	4	21	9	0	32	120	0	15	15	0	2	0	0	5	26	15	368
T[T>A]A	24	8	43	1	29	10	54	39	33	2	35	12	19	34	9	13	2	5	2	5	24	24	2	8	28	26	27	11	57	51	3	32	39	13	2	10	3	10	17	13	8	3	2	5	5	5	11	8	15	10	10	1	7	3	9	4	8	8	4	8	11	2	13	3	0	11	4	6	5	7	4	6	7	7	6	6	8	9	5	9	5	1	9	8	4	4	13	19	8	6	8	10	8	5	3	11	13	4	14	2	0	16	48	0	6	8	0	0	0	0	0	13	6	123
T[T>A]C	6	10	19	0	12	2	16	18	0	0	0	0	5	2	2	1	3	0	0	2	3	5	0	11	6	11	13	3	21	17	0	21	22	7	0	5	3	6	1	2	4	1	2	4	0	4	6	5	3	13	9	0	2	0	5	4	1	3	0	2	5	2	3	0	3	2	1	1	0	2	1	1	2	4	2	4	2	2	1	3	6	3	7	3	2	2	5	6	1	1	3	5	2	1	0	9	3	1	6	1	0	11	26	0	1	4	0	0	0	0	0	5	3	46
T[T>A]G	4	1	13	0	6	3	9	10	1	3	0	2	9	1	0	0	2	1	0	4	2	5	0	4	5	6	6	3	11	10	0	15	19	6	0	1	1	1	4	2	1	0	1	6	0	0	5	5	3	5	8	0	2	1	2	3	2	1	0	1	2	2	2	2	0	3	1	2	2	2	0	0	2	2	0	2	0	3	1	0	3	0	4	7	2	2	1	5	5	2	1	3	4	1	0	5	5	2	9	1	0	14	18	0	3	4	0	0	1	0	0	4	2	92
T[T>A]T	24	13	42	2	25	8	65	51	16	2	14	10	19	22	6	10	11	2	1	16	22	21	3	23	24	28	25	7	51	44	0	37	38	13	0	10	4	9	7	12	14	2	2	8	3	6	18	4	8	19	13	1	5	8	17	2	12	11	7	10	13	7	10	3	11	3	2	11	5	10	3	5	4	5	2	7	10	8	7	7	17	6	18	17	6	6	6	16	5	4	6	9	8	8	1	21	11	2	18	10	0	31	63	0	8	21	2	0	1	0	4	17	5	109
T[T>C]A	13	9	34	1	31	15	19	32	2	3	0	10	27	1	5	1	8	3	3	5	5	15	1	12	54	60	30	13	57	60	0	48	42	20	0	18	11	17	10	7	6	0	2	6	1	1	8	3	12	10	9	4	4	3	8	6	6	10	4	4	4	6	7	0	2	5	0	6	4	5	5	7	3	8	5	8	5	4	7	4	9	6	17	4	4	2	5	8	9	2	2	6	7	9	2	10	6	2	22	9	1	15	31	0	7	7	0	0	1	0	3	8	7	309
T[T>C]C	27	6	24	2	39	5	23	26	0	4	2	7	19	7	7	3	3	3	1	4	7	29	2	13	18	20	35	5	41	41	2	33	33	16	0	12	6	12	17	12	9	0	0	4	5	7	8	9	8	3	8	2	3	4	10	4	9	11	4	7	5	2	4	2	4	4	2	4	3	6	2	6	7	8	4	3	8	3	6	3	9	1	9	6	4	3	9	12	3	9	1	6	5	2	0	18	9	1	7	8	0	21	45	0	5	10	0	0	0	0	0	8	8	428
T[T>C]G	13	2	11	0	14	1	8	19	0	3	0	3	8	2	5	3	0	1	0	3	5	11	0	3	13	17	14	2	22	27	1	12	9	9	0	9	8	8	5	1	5	0	5	4	0	1	3	3	6	7	4	3	0	1	0	4	1	2	5	3	4	1	4	3	3	2	0	3	1	2	2	1	3	2	2	5	2	6	1	1	4	1	9	5	3	2	7	3	2	4	3	7	4	1	0	6	3	1	4	2	0	10	20	0	6	6	0	0	0	0	2	3	5	226
T[T>C]T	17	5	38	0	37	8	66	48	20	5	26	5	23	31	7	24	5	2	0	12	29	20	1	19	46	48	39	10	69	78	2	29	36	24	0	14	6	13	5	9	16	1	5	8	5	5	13	11	19	9	12	6	9	6	5	6	4	13	2	8	11	3	9	3	5	13	0	2	6	6	6	8	5	7	4	8	4	6	6	10	12	1	30	6	6	5	10	16	9	6	3	13	11	3	2	15	10	7	18	5	1	12	64	1	12	16	0	0	0	1	0	12	10	469
T[T>G]A	2	2	18	0	12	1	12	19	0	0	0	4	13	2	2	0	4	0	0	4	1	5	0	5	16	17	12	4	25	23	1	20	28	4	0	4	2	3	3	3	10	1	2	1	0	0	4	2	4	6	3	3	2	1	0	4	4	4	1	4	2	2	3	3	1	3	3	3	1	5	2	1	3	1	2	2	3	0	1	1	2	2	6	3	1	1	2	4	3	3	1	2	1	1	1	3	3	0	7	1	0	5	23	1	1	4	0	0	0	0	3	3	2	138
T[T>G]C	1	3	9	0	9	2	4	5	0	0	1	0	6	0	1	0	1	1	0	2	1	2	0	4	9	8	9	3	17	19	0	9	11	3	0	3	2	2	2	1	6	0	0	1	1	1	3	2	1	3	2	0	1	0	1	2	0	3	0	3	2	0	2	1	1	1	0	0	1	4	0	2	1	5	1	0	1	2	1	1	3	3	3	2	1	0	0	3	2	2	2	2	2	2	0	3	3	0	1	2	0	3	4	1	4	4	1	0	1	0	0	0	1	109
T[T>G]G	8	4	22	0	12	3	18	9	2	1	0	4	6	0	2	0	3	4	3	6	5	7	0	10	16	16	13	6	32	32	0	14	14	7	0	6	4	6	6	2	5	1	0	5	3	1	1	2	6	6	2	2	0	2	4	5	3	5	2	4	6	3	3	2	1	3	1	1	1	4	0	2	2	3	3	4	3	4	6	3	4	3	6	3	3	1	3	9	3	2	3	4	4	4	2	11	2	0	6	2	0	11	23	1	0	5	1	0	0	0	0	0	2	180
T[T>G]T	20	4	32	5	62	9	35	40	10	5	16	7	13	18	3	6	5	3	2	6	25	17	4	4	31	32	55	9	70	68	2	33	36	19	0	12	9	12	21	7	85	3	6	31	2	2	20	11	11	5	12	4	10	3	6	4	7	7	8	11	13	5	22	1	5	5	6	4	2	10	5	5	4	11	5	6	7	10	8	8	12	6	15	8	0	5	9	14	12	4	2	7	5	6	1	13	6	2	13	3	0	17	35	0	5	17	0	0	0	0	2	14	15	147
