Samples	SBS96A	SBS96B	SBS96C	SBS96D	SBS96E	SBS96F	SBS96G	SBS96H
AX4912_vs_AX4894	7.22E+00	9.86E+00	1.04E+01	9.13E+00	3.24E+00	4.74E+00	1.53E+00	3.59E+00
AX4914_vs_AX4895	3.28E+00	3.40E+00	4.70E+00	4.56E+00	1.42E+00	2.69E+00	1.19E+00	2.52E+00
AX4915_vs_AX4895	8.54E+00	1.02E+01	1.32E+01	1.40E+01	1.18E+01	3.64E+00	2.63E+00	4.24E+00
AX4916_vs_AX4896	1.93E+00	2.25E+00	2.18E+00	2.95E+00	9.56E-01	1.78E+00	8.75E-01	2.28E+00
AX4918_vs_AX4897	9.49E+00	1.28E+01	1.41E+01	1.13E+01	3.34E+00	3.92E+00	3.54E+00	4.74E+00
AX4921_vs_AX4898	4.62E+00	8.19E+00	9.22E+00	2.49E+00	1.92E+00	2.92E+00	1.02E+00	2.75E+00
AX4922_vs_AX4899	3.05E+00	1.55E+01	3.68E+01	1.85E+01	3.09E+01	4.72E+00	2.62E+00	5.79E+00
AX4923_vs_AX4906	1.27E+01	1.42E+01	1.93E+01	1.36E+01	4.99E+00	3.77E+00	2.51E+00	4.81E+00
AX4924_vs_AX4901	2.34E-01	2.42E-01	2.02E-01	6.31E-02	1.43E-01	5.40E-01	2.78E-01	7.89E-01
AX4925_vs_AX4901	3.37E+00	3.47E+00	4.17E+00	4.35E+00	1.96E+00	1.63E+00	1.16E+00	2.66E+00
AX4926_vs_AX4904	0.00E+00	5.36E-01	6.31E-01	0.00E+00	2.33E-01	1.80E-01	0.00E+00	8.30E-01
AX4927_vs_AX4905	4.50E+00	5.30E+00	6.96E+00	7.31E+00	5.08E+00	2.31E+00	1.50E+00	2.87E+00
AX4928_vs_AQ5174	8.88E+00	8.34E+00	1.07E+01	9.43E+00	1.48E+00	3.21E+00	1.24E+00	2.95E+00
AX4929_vs_AQ5174	1.11E+00	6.00E-02	7.52E-01	5.26E-01	4.24E-01	2.15E-01	0.00E+00	1.44E+00
AX4930_vs_AX4900	1.64E+00	6.86E+00	7.56E+00	4.33E+00	1.59E+00	3.49E+00	8.72E-01	3.00E+00
AX4931_vs_AX4907	1.91E+00	8.96E-01	8.58E-01	1.63E+00	1.01E+00	9.27E-01	0.00E+00	1.62E+00
AX4932_vs_AX4908	3.55E+00	3.39E+00	3.99E+00	4.73E+00	1.15E+00	2.60E+00	5.99E-01	2.13E+00
AX4933_vs_AX4909	8.84E+00	2.83E+00	1.08E+01	1.37E+01	2.98E+00	4.84E-01	3.23E-01	2.80E+00
AX4934_vs_AX4909	2.55E+00	2.33E+00	3.01E+00	3.27E+00	1.26E+00	1.82E+00	0.00E+00	2.26E+00
AX4935_vs_AX4910	3.50E+00	1.29E+01	2.04E+01	3.07E+00	1.68E+01	3.86E+00	1.54E+00	4.48E+00
AX4936_vs_AX4911	3.18E+00	3.00E+00	3.30E+00	3.87E+00	1.60E+00	1.88E+00	1.64E+00	2.17E+00
AX4937_vs_AX4894	6.26E+00	9.05E+00	9.58E+00	1.03E+01	2.81E+00	4.49E+00	1.35E+00	2.98E+00
AX4938_vs_AX4896	1.03E+00	2.05E+00	1.68E+00	2.44E+00	8.41E-01	1.35E+00	7.81E-01	6.06E-01
AX4940_vs_AX4904	4.35E+00	4.99E+00	6.55E+00	5.17E+00	1.85E+00	2.33E+00	1.35E+00	1.80E+00
AX4942_vs_AX4898	7.87E+00	1.21E+01	1.38E+01	9.10E+00	3.49E+00	2.61E+00	1.67E+00	3.44E+00
AX4943_vs_AX4898	8.05E+00	1.41E+01	1.69E+01	9.29E+00	3.28E+00	3.09E+00	1.83E+00	3.88E+00
AX4944_vs_AX4897	9.87E+00	1.50E+01	1.42E+01	1.28E+01	3.86E+00	4.80E+00	4.89E+00	3.80E+00
AX4945_vs_AX4898	2.86E+00	6.44E+00	6.25E+00	2.83E+00	1.72E+00	2.84E+00	1.00E+00	1.58E+00
AX4946_vs_AX4895	1.26E+01	3.28E+01	4.54E+01	2.48E+01	7.94E+00	2.44E+00	2.43E+00	7.22E+00
AX4947_vs_AX4895	1.12E+01	3.23E+01	4.33E+01	2.20E+01	7.23E+00	2.09E+00	2.76E+00	7.50E+00
AX4951_vs_AX4903	4.42E+00	2.41E+00	5.21E+00	4.08E+00	1.68E+00	4.15E+00	7.29E-01	1.71E+00
AX4958_vs_AQ5174	8.80E+00	1.38E+01	1.50E+01	1.52E+01	3.89E+00	4.06E+00	2.17E+00	4.18E+00
AX4961_vs_AQ5174	9.92E+00	1.21E+01	1.56E+01	1.51E+01	4.00E+00	4.04E+00	2.10E+00	3.91E+00
DIAF_vs_BLOOD	7.84E+00	8.93E+00	1.23E+01	9.45E+00	5.70E+00	3.66E+00	1.96E+00	3.42E+00
HK_vs_BLOOD	9.52E-02	9.43E-02	1.58E-01	9.70E-02	1.03E-01	3.56E-01	0.00E+00	2.82E-01
LNMETA_vs_BLOOD	1.03E+01	1.13E+01	1.71E+01	1.19E+01	8.94E+00	4.15E+00	2.62E+00	3.87E+00
LN_vs_BLOOD	5.32E+00	5.55E+00	6.35E+00	6.61E+00	2.62E+00	3.10E+00	4.38E+00	2.29E+00
OMEN_vs_BLOOD	4.90E+00	5.55E+00	7.67E+00	6.11E+00	4.41E+00	2.56E+00	1.47E+00	2.44E+00
PABKLN-01A_vs_PABKLN-11A	3.76E+00	4.26E+00	4.82E+00	4.41E+00	1.77E+00	1.92E+00	2.45E+00	1.82E+00
PADWRZ-01A_vs_PADWRZ-10A	3.19E+00	3.04E+00	2.74E+00	3.86E+00	1.44E+00	2.07E+00	9.58E-01	1.66E+00
PADYZI-01A_vs_PADYZI-10A	2.70E-01	0.00E+00	2.36E+00	0.00E+00	1.13E+00	0.00E+00	2.81E+00	1.01E+00
PAEHIP-01A_vs_PAEHIP-10A	5.11E-01	1.77E+00	1.71E+00	2.03E+00	8.90E-01	1.63E+00	7.61E-01	1.18E+00
PAJLWM-01A_vs_PAJLWM-11A	1.79E+00	2.33E+00	2.39E+00	2.50E+00	1.20E+00	1.66E+00	7.82E-01	9.93E-01
PAJMBW-01A_vs_PAJMBW-10A	1.98E+00	2.64E+00	2.40E+00	3.31E+00	1.10E+00	1.27E+00	2.59E+00	8.68E-01
PAJMRB-01A_vs_PAJMRB-11A	1.34E+00	2.10E+00	2.38E+00	1.91E+00	7.69E-01	1.86E+00	0.00E+00	7.83E-01
PAJNER-01A_vs_PAJNER-11A	1.86E+00	1.46E+00	2.66E+00	2.30E+00	5.92E-01	1.41E+00	6.60E-01	8.82E-01
PAJNFP-01A_vs_PAJNFP-11A	2.30E+00	3.91E+00	4.30E+00	4.84E+00	1.87E+00	1.78E+00	2.56E+00	1.98E+00
PAJNFZ-01A_vs_PAJNFZ-10A	2.84E+00	2.44E+00	2.84E+00	3.65E+00	1.02E+00	1.85E+00	1.98E+00	1.54E+00
PAKHTL-01A_vs_PAKHTL-11A	3.96E+00	5.11E+00	6.43E+00	3.91E+00	9.66E-01	2.71E+00	1.78E+00	1.99E+00
PAKLYZ-01A_vs_PAKLYZ-10A	3.36E+00	7.95E+00	5.63E+00	1.16E+01	3.30E+00	2.68E+00	1.24E+00	1.65E+00
PAKTCT-01A_vs_PAKTCT-11A	3.57E+00	4.05E+00	5.43E+00	4.87E+00	1.75E+00	2.27E+00	1.23E+00	1.87E+00
PARECB-01A_vs_PARECB-11A	2.17E+00	2.17E+00	2.36E+00	2.42E+00	9.23E-01	1.35E+00	8.47E-01	6.91E-01
PAREWI-01A_vs_PAREWI-11A	2.59E+00	3.26E+00	3.66E+00	4.23E+00	8.54E-01	1.83E+00	1.58E+00	1.38E+00
PARGRN-01A_vs_PARGRN-10A	1.50E+00	3.14E+00	3.78E+00	3.10E+00	1.19E+00	1.54E+00	1.89E+00	1.31E+00
PARIRN-01A_vs_PARIRN-10A	1.87E+00	2.88E+00	5.37E+00	4.70E+00	1.49E+00	2.72E+00	8.22E-01	1.67E+00
PARPFY-01A_vs_PARPFY-11A	2.02E+00	3.60E+00	4.02E+00	3.68E+00	1.25E+00	1.97E+00	1.42E+00	1.09E+00
PARRCL-01A_vs_PARRCL-11A	2.43E+00	2.48E+00	2.91E+00	2.89E+00	1.27E+00	1.73E+00	1.46E+00	1.26E+00
PARTKH-01A_vs_PARTKH-10A	2.73E+00	2.88E+00	3.16E+00	3.23E+00	1.21E+00	1.42E+00	1.39E+00	1.53E+00
PARUGK-01A_vs_PARUGK-10A	2.04E+00	2.25E+00	2.90E+00	2.64E+00	1.12E+00	1.21E+00	1.07E+00	9.22E-01
PARZBI-01A_vs_PARZBI-11A	2.99E+00	2.57E+00	3.73E+00	3.50E+00	1.11E+00	1.91E+00	1.56E+00	1.50E+00
PARZRH-01A_vs_PARZRH-10A	7.01E-01	5.54E+00	7.43E+00	5.10E+00	1.99E+00	2.47E+00	1.60E+00	1.43E+00
PASABD-01A_vs_PASABD-10A	2.12E+00	2.77E+00	3.08E+00	3.33E+00	9.79E-01	1.79E+00	1.10E+00	1.15E+00
PASADZ-01A_vs_PASADZ-10A	2.79E+00	2.69E+00	3.74E+00	3.65E+00	9.38E-01	2.07E+00	1.72E+00	1.77E+00
PASCDH-01A_vs_PASCDH-10A	2.59E+00	3.20E+00	3.25E+00	3.77E+00	1.27E+00	2.21E+00	1.43E+00	1.11E+00
PASDLA-01A_vs_PASDLA-11A	1.66E+00	1.83E+00	2.53E+00	2.33E+00	1.11E+00	1.62E+00	8.85E-01	1.06E+00
PASGCL-01A_vs_PASGCL-10A	2.68E+00	2.81E+00	3.67E+00	2.92E+00	1.24E+00	2.05E+00	6.68E-01	1.41E+00
PASRHU-01A_vs_PASRHU-10A	8.02E-01	1.50E+00	1.95E+00	1.58E+00	5.63E-01	1.52E+00	5.78E-01	7.12E-01
PASVDP-01A_vs_PASVDP-10A	2.05E+00	2.13E+00	1.51E+00	2.73E+00	1.42E+00	1.79E+00	9.54E-01	1.04E+00
PASWZZ-01A_vs_PASWZZ-10A	2.05E+00	1.68E+00	2.13E+00	1.94E+00	9.06E-01	1.44E+00	9.88E-01	1.03E+00
PASXNA-01A_vs_PASXNA-11A	2.11E+00	2.87E+00	3.14E+00	3.35E+00	1.43E+00	1.52E+00	1.11E+00	1.44E+00
PASYNF-01A_vs_PASYNF-10A	1.13E+00	2.45E+00	2.95E+00	2.00E+00	1.22E+00	1.67E+00	8.11E-01	8.56E-01
PASZYE-01A_vs_PASZYE-10A	2.47E+00	2.31E+00	2.99E+00	3.40E+00	1.06E+00	1.81E+00	8.74E-01	1.17E+00
PATAFT-01A_vs_PATAFT-10A	3.04E+00	2.73E+00	3.06E+00	3.76E+00	1.33E+00	1.35E+00	1.22E+00	1.48E+00
PATBLF-01A_vs_PATBLF-10A	2.81E+00	3.88E+00	4.82E+00	4.01E+00	1.61E+00	2.34E+00	1.29E+00	1.08E+00
PATDVL-01A_vs_PATDVL-10A	1.74E+00	2.04E+00	2.51E+00	2.25E+00	1.09E+00	1.29E+00	9.69E-01	1.01E+00
PATENH-01A_vs_PATENH-11A	1.98E+00	4.28E+00	4.74E+00	3.93E+00	1.27E+00	3.03E+00	1.60E+00	1.27E+00
PATFXW-01A_vs_PATFXW-10A	2.30E+00	3.12E+00	3.02E+00	3.60E+00	3.67E-01	2.04E+00	1.72E+00	1.26E+00
PATFZZ-01A_vs_PATFZZ-10A	2.98E+00	3.65E+00	4.45E+00	3.99E+00	1.70E+00	2.20E+00	1.59E+00	1.39E+00
PATXEE-01A_vs_PATXEE-10A	3.16E+00	5.96E+00	6.88E+00	4.19E+00	1.82E+00	2.32E+00	1.27E+00	1.03E+00
PATXKA-01A_vs_PATXKA-10A	2.38E+00	2.37E+00	2.54E+00	3.28E+00	1.47E+00	1.38E+00	1.45E+00	1.31E+00
PAUCGJ-01A_vs_PAUCGJ-10A	3.23E+00	4.60E+00	4.94E+00	3.89E+00	1.28E+00	1.98E+00	2.06E+00	1.35E+00
PAUDPV-01A_vs_PAUDPV-11A	1.56E+00	1.93E+00	2.43E+00	2.63E+00	5.54E-01	1.35E+00	1.18E+00	2.82E-01
PAUEKW-01A_vs_PAUEKW-10A	4.91E+00	3.81E+00	6.03E+00	5.32E+00	2.43E+00	4.01E+00	1.11E+00	2.14E+00
PAUFVP-01A_vs_PAUFVP-11A	3.13E+00	3.37E+00	4.92E+00	4.68E+00	1.59E+00	2.55E+00	1.19E+00	1.69E+00
PAUGYZ-01A_vs_PAUGYZ-10A	8.84E-01	3.17E+00	2.14E+00	4.21E+00	1.47E+00	1.79E+00	6.95E-01	9.78E-01
PAUHAZ-01A_vs_PAUHAZ-10A	4.94E-01	2.45E+00	2.01E+00	2.85E+00	9.17E-01	1.35E+00	8.90E-01	1.21E+00
PAUNPA-01A_vs_PAUNPA-11A	2.36E+00	4.03E+00	4.92E+00	4.96E+00	1.89E+00	2.25E+00	5.54E-01	1.77E+00
PAVCKS-01A_vs_PAVCKS-11A	3.92E+00	4.93E+00	5.06E+00	6.10E+00	2.13E+00	2.71E+00	2.40E+00	1.98E+00
PAVITI-01A_vs_PAVITI-10A	2.61E+00	3.31E+00	3.94E+00	4.57E+00	1.72E+00	2.39E+00	1.34E+00	1.42E+00
PAVYDM-01A_vs_PAVYDM-11A	2.80E+00	2.65E+00	3.33E+00	3.78E+00	1.42E+00	1.64E+00	1.10E+00	1.01E+00
PAVYKD-01A_vs_PAVYKD-10A	2.03E+00	2.10E+00	2.58E+00	2.55E+00	4.77E-01	1.29E+00	1.07E+00	1.09E+00
PAWDGA-01A_vs_PAWDGA-11A	3.78E+00	8.31E+00	8.48E+00	5.13E+00	1.67E+00	1.99E+00	8.44E-01	2.16E+00
PAWFBL-01A_vs_PAWFBL-11A	9.33E-01	3.45E+00	4.35E+00	3.57E+00	1.33E+00	2.20E+00	7.54E-01	1.44E+00
PAWFWK-01A_vs_PAWFWK-10A	2.13E+00	2.92E+00	4.99E-01	3.80E+00	9.96E-01	1.64E+00	9.31E-01	1.25E+00
SJBT030128_D1_vs_SJBT030128_G1	8.50E-01	1.64E+00	7.52E-01	1.37E+00	6.01E-01	1.16E+00	2.85E-01	7.85E-01
SJBT030255_D1_vs_SJBT030255_G1	4.40E+00	7.22E+00	5.26E+00	7.87E+00	2.63E+00	3.31E+00	1.67E+00	2.20E+00
SJBT030581_D1_vs_SJBT030581_G1	3.93E+00	3.88E+00	5.32E+00	5.22E+00	2.17E+00	3.39E+00	5.11E-01	1.60E+00
SJBT030707_D2_vs_SJBT030707_G1	1.37E+00	1.56E-01	1.91E+00	1.03E+00	3.73E-01	1.12E+00	6.92E-02	8.45E-01
SJBT030896_D1_vs_SJBT030896_G1	4.98E+00	4.34E+00	7.71E+00	8.62E+00	5.71E+00	2.78E+00	1.08E+00	1.64E+00
SJBT030997_D1_vs_SJBT030997_G1	2.35E+00	2.95E+00	3.53E+00	1.94E+00	1.32E+00	2.06E+00	1.20E+00	1.07E+00
SJBT031235_D1_vs_SJBT031235_G1	1.04E+00	1.17E+00	7.98E-01	3.57E-01	1.56E-01	1.19E+00	1.11E-01	6.16E-01
SJBT031605_D1_vs_SJBT031605_G1	1.17E+01	1.71E+01	2.22E+01	1.70E+01	6.27E+00	5.89E+00	3.29E+00	4.86E+00
SJBT031948_D2_vs_SJBT031948_G1	1.11E+01	2.44E+01	3.99E+01	2.91E+01	2.97E+01	5.13E+00	4.68E+00	7.30E+00
SJBT032047_D1_vs_SJBT032047_G1	2.12E-01	0.00E+00	2.00E-02	0.00E+00	1.30E-01	8.75E-02	5.06E-02	1.02E-01
SJBT032346_D1_vs_SJBT032346_G1	3.03E+00	3.59E+00	4.49E+00	8.78E-01	1.19E+00	2.56E+00	7.75E-01	1.45E+00
SJBT032393_D1_vs_SJBT032393_G1	5.26E+00	7.17E+00	8.26E+00	7.97E+00	3.46E+00	6.43E+00	1.40E+00	3.25E+00
SJBT032417_D2_vs_SJBT032417_G1	1.49E+00	2.19E+00	9.42E-01	3.54E+00	1.81E+00	1.63E+00	9.38E-01	8.32E-01
SJBT033133_D3_vs_SJBT033133_G1	2.06E-01	9.00E-02	2.61E-01	0.00E+00	1.38E-01	1.86E-01	0.00E+00	1.55E-01
SJBT033236_D2_vs_SJBT033236_G1	8.78E-01	6.81E-01	3.98E-01	8.13E-01	3.32E-01	1.01E+00	5.09E-02	3.03E-01
SJBT034089_D1_vs_SJBT034089_G1	6.42E-01	2.23E-01	3.86E-01	2.22E-01	5.21E-01	6.53E-01	5.57E-02	1.45E-01
SJBT034110_D2_vs_SJBT034110_G1	1.51E+00	1.29E+00	1.49E+00	1.86E+00	7.65E-01	1.23E+00	3.11E-01	8.48E-01
SJMRT014754_D1_vs_SJMRT014754_G1	3.32E+00	8.39E+00	6.82E+00	7.21E+00	5.04E+00	2.76E+00	1.41E+00	2.23E+00
SJMRT015723_D1_vs_SJMRT015723_G1	4.10E+00	4.76E+00	4.50E+00	5.99E+00	2.92E+00	2.19E+00	1.40E+00	2.13E+00
SJMRT063832_X1_vs_SJMRT063832_G1	7.95E+01	1.89E+01	9.01E+01	5.11E+01	3.63E+01	4.79E+01	5.59E+00	1.52E+01
