Samples	SBS96A	SBS96B	SBS96C	SBS96D	SBS96E	SBS96F	SBS96G	SBS96H
AX4912_vs_AX4894	308	187	647	101	92	326	49	202
AX4914_vs_AX4895	103	111	167	150	58	165	14	188
AX4915_vs_AX4895	299	375	457	1036	756	165	140	244
AX4916_vs_AX4896	25	102	23	81	5	79	16	202
AX4918_vs_AX4897	295	378	704	216	78	215	534	206
AX4921_vs_AX4898	122	288	378	0	73	173	21	179
AX4922_vs_AX4899	24	263	229	704	2827	92	112	147
AX4923_vs_AX4906	467	65	441	1221	211	27	139	288
AX4924_vs_AX4901	0	0	0	20	0	7	0	182
AX4925_vs_AX4901	134	74	147	130	40	59	31	248
AX4926_vs_AX4904	0	1	0	0	0	0	1	179
AX4927_vs_AX4905	323	191	149	185	555	78	62	202
AX4928_vs_AQ5174	534	171	141	429	8	133	32	227
AX4929_vs_AQ5174	14	0	2	0	2	1	5	234
AX4930_vs_AX4900	0	222	365	55	0	239	22	203
AX4931_vs_AX4907	58	9	0	24	21	25	0	131
AX4932_vs_AX4908	89	32	30	199	9	311	1	180
AX4933_vs_AX4909	326	0	232	348	143	1	0	96
AX4934_vs_AX4909	72	50	61	69	39	71	0	169
AX4935_vs_AX4910	0	19	798	0	1657	10	25	104
AX4936_vs_AX4911	82	81	72	64	39	102	84	161
AX4937_vs_AX4894	304	219	609	209	40	310	42	50
AX4938_vs_AX4896	11	65	20	59	17	57	17	5
AX4940_vs_AX4904	232	109	99	346	38	95	57	24
AX4942_vs_AX4898	433	724	460	122	56	132	57	134
AX4943_vs_AX4898	398	774	570	101	54	122	77	120
AX4944_vs_AX4897	337	432	793	161	104	241	605	101
AX4945_vs_AX4898	71	213	243	35	83	145	16	25
AX4946_vs_AX4895	504	2766	1017	97	137	16	152	167
AX4947_vs_AX4895	691	2597	943	0	89	13	168	162
AX4951_vs_AX4903	167	0	203	48	54	326	11	23
AX4958_vs_AQ5174	623	1139	375	823	39	114	70	62
AX4961_vs_AQ5174	571	1148	432	795	49	101	67	72
DIAF_vs_BLOOD	443	179	324	684	363	169	71	76
HK_vs_BLOOD	0	0	2	0	0	11	0	5
LNMETA_vs_BLOOD	448	72	408	979	505	134	121	131
LN_vs_BLOOD	231	169	203	304	106	230	578	57
OMEN_vs_BLOOD	222	172	211	396	194	191	65	74
PABKLN-01A_vs_PABKLN-11A	83	81	224	90	34	76	195	27
PADWRZ-01A_vs_PADWRZ-10A	106	173	50	88	39	117	39	43
PADYZI-01A_vs_PADYZI-10A	0	0	0	0	0	0	1367	0
PAEHIP-01A_vs_PAEHIP-10A	0	46	39	39	16	101	24	25
PAJLWM-01A_vs_PAJLWM-11A	25	68	56	31	29	82	26	11
PAJMBW-01A_vs_PAJMBW-10A	34	70	32	87	31	22	298	15
PAJMRB-01A_vs_PAJMRB-11A	26	57	71	14	12	121	0	11
PAJNER-01A_vs_PAJNER-11A	32	21	62	50	2	47	7	20
PAJNFP-01A_vs_PAJNFP-11A	53	108	78	205	65	60	282	67
PAJNFZ-01A_vs_PAJNFZ-10A	92	78	52	81	3	132	121	32
PAKHTL-01A_vs_PAKHTL-11A	143	106	339	6	2	204	59	57
PAKLYZ-01A_vs_PAKLYZ-10A	0	706	0	412	81	66	22	19
PAKTCT-01A_vs_PAKTCT-11A	103	146	172	277	39	133	25	35
PARECB-01A_vs_PARECB-11A	54	40	51	63	8	50	24	7
PAREWI-01A_vs_PAREWI-11A	34	26	170	94	8	67	99	32
PARGRN-01A_vs_PARGRN-10A	2	79	149	96	7	43	157	20
PARIRN-01A_vs_PARIRN-10A	0	12	194	258	4	183	17	37
PARPFY-01A_vs_PARPFY-11A	59	177	92	141	14	88	44	9
PARRCL-01A_vs_PARRCL-11A	46	73	60	85	46	94	81	24
PARTKH-01A_vs_PARTKH-10A	76	72	39	159	16	71	65	40
PARUGK-01A_vs_PARUGK-10A	40	37	110	33	22	91	16	6
PARZBI-01A_vs_PARZBI-11A	76	38	117	128	12	117	68	31
PARZRH-01A_vs_PARZRH-10A	0	386	205	92	62	109	85	22
PASABD-01A_vs_PASABD-10A	24	33	138	107	8	81	34	14
PASADZ-01A_vs_PASADZ-10A	69	112	76	116	9	78	105	52
PASCDH-01A_vs_PASCDH-10A	41	87	129	69	29	144	63	14
PASDLA-01A_vs_PASDLA-11A	18	54	76	49	19	63	23	14
PASGCL-01A_vs_PASGCL-10A	56	43	159	41	33	130	13	38
PASRHU-01A_vs_PASRHU-10A	0	41	43	16	2	103	16	7
PASVDP-01A_vs_PASVDP-10A	71	128	6	25	55	86	33	15
PASWZZ-01A_vs_PASWZZ-10A	35	43	35	31	8	72	35	29
PASXNA-01A_vs_PASXNA-11A	96	50	34	140	17	106	40	27
PASYNF-01A_vs_PASYNF-10A	11	55	62	38	25	110	19	16
PASZYE-01A_vs_PASZYE-10A	78	105	88	55	6	115	20	24
PATAFT-01A_vs_PATAFT-10A	91	59	91	146	26	39	37	29
PATBLF-01A_vs_PATBLF-10A	74	231	150	54	29	133	47	7
PATDVL-01A_vs_PATDVL-10A	52	101	60	0	35	77	32	16
PATENH-01A_vs_PATENH-11A	0	117	243	68	22	199	63	13
PATFXW-01A_vs_PATFXW-10A	43	84	47	149	0	160	76	25
PATFZZ-01A_vs_PATFZZ-10A	22	49	84	259	34	117	85	27
PATXEE-01A_vs_PATXEE-10A	80	262	196	32	40	185	35	13
PATXKA-01A_vs_PATXKA-10A	33	90	65	81	30	50	54	39
PAUCGJ-01A_vs_PAUCGJ-10A	45	205	176	182	9	44	152	13
PAUDPV-01A_vs_PAUDPV-11A	0	17	99	89	0	35	45	1
PAUEKW-01A_vs_PAUEKW-10A	233	96	268	118	78	412	27	73
PAUFVP-01A_vs_PAUFVP-11A	45	99	184	155	29	181	41	33
PAUGYZ-01A_vs_PAUGYZ-10A	0	194	7	160	23	114	12	22
PAUHAZ-01A_vs_PAUHAZ-10A	0	66	32	89	24	106	16	24
PAUNPA-01A_vs_PAUNPA-11A	14	372	114	22	40	162	8	29
PAVCKS-01A_vs_PAVCKS-11A	48	135	267	203	45	211	199	38
PAVITI-01A_vs_PAVITI-10A	72	180	81	100	63	149	46	26
PAVYDM-01A_vs_PAVYDM-11A	69	32	42	190	23	81	31	12
PAVYKD-01A_vs_PAVYKD-10A	29	41	54	87	0	69	33	20
PAWDGA-01A_vs_PAWDGA-11A	28	177	454	38	11	33	17	34
PAWFBL-01A_vs_PAWFBL-11A	0	229	132	130	17	92	19	26
PAWFWK-01A_vs_PAWFWK-10A	58	122	0	67	17	103	17	24
SJBT030128_D1_vs_SJBT030128_G1	5	105	0	0	2	94	2	12
SJBT030255_D1_vs_SJBT030255_G1	144	144	64	460	93	188	109	47
SJBT030581_D1_vs_SJBT030581_G1	99	238	124	87	70	454	2	15
SJBT030707_D2_vs_SJBT030707_G1	22	0	46	0	1	69	0	24
SJBT030896_D1_vs_SJBT030896_G1	161	34	0	0	1442	176	0	7
SJBT030997_D1_vs_SJBT030997_G1	112	122	53	7	27	120	56	10
SJBT031235_D1_vs_SJBT031235_G1	15	32	0	0	0	98	0	13
SJBT031605_D1_vs_SJBT031605_G1	653	179	551	1515	301	144	196	103
SJBT031948_D2_vs_SJBT031948_G1	372	560	307	1193	4361	20	245	88
SJBT032047_D1_vs_SJBT032047_G1	3	0	0	0	2	0	0	2
SJBT032346_D1_vs_SJBT032346_G1	67	121	132	0	13	314	17	28
SJBT032393_D1_vs_SJBT032393_G1	135	415	255	158	82	1198	52	90
SJBT032417_D2_vs_SJBT032417_G1	12	24	0	91	98	92	18	8
SJBT033133_D3_vs_SJBT033133_G1	0	0	6	0	1	1	0	1
SJBT033236_D2_vs_SJBT033236_G1	20	5	1	4	5	57	0	3
SJBT034089_D1_vs_SJBT034089_G1	10	1	5	0	3	62	0	0
SJBT034110_D2_vs_SJBT034110_G1	56	6	35	41	10	75	4	10
SJMRT014754_D1_vs_SJMRT014754_G1	7	291	83	487	296	108	42	76
SJMRT015723_D1_vs_SJMRT015723_G1	86	57	322	176	95	122	72	37
SJMRT063832_X1_vs_SJMRT063832_G1	11343	0	1924	200	2120	984	472	534
