Samples	SBS96A	SBS96B	SBS96C	SBS96D	SBS96E	SBS96F
AX4912_vs_AX4894	6.07E+00	6.03E+00	2.46E+00	5.88E+00	5.45E+00	1.27E+00
AX4914_vs_AX4895	4.76E+00	3.17E+00	1.83E+00	3.18E+00	5.39E+00	4.72E-01
AX4915_vs_AX4895	2.16E+01	9.66E+00	1.28E+01	5.76E+00	3.25E+01	2.10E+00
AX4916_vs_AX4896	1.22E+00	1.12E+00	5.11E-01	1.13E+00	1.17E+00	6.39E-01
AX4918_vs_AX4897	8.90E+00	8.64E+00	3.28E+00	5.12E+00	1.02E+01	4.18E+00
AX4921_vs_AX4898	3.97E+00	3.56E+00	1.70E+00	2.99E+00	2.29E+00	8.86E-01
AX4922_vs_AX4899	1.74E+01	3.13E+00	2.06E+01	7.29E+00	2.25E+01	3.00E+00
AX4923_vs_AX4906	2.49E+01	1.21E+01	8.28E+00	5.14E+00	3.39E+01	3.36E+00
AX4924_vs_AX4901	3.32E-01	8.17E-01	2.50E-01	1.82E+00	6.89E+00	5.85E+00
AX4925_vs_AX4901	1.34E+00	1.40E+00	5.80E-01	1.33E+00	1.13E+00	5.34E-01
AX4926_vs_AX4904	8.37E-01	0.00E+00	2.41E-01	1.54E+00	7.51E+00	6.68E+00
AX4927_vs_AX4905	3.64E+00	3.28E+00	2.86E+00	2.04E+00	4.33E+00	9.82E-01
AX4928_vs_AQ5174	1.46E+01	7.87E+00	2.90E+00	4.43E+00	1.78E+01	1.03E+00
AX4929_vs_AQ5174	2.54E-01	2.26E+00	4.61E-01	1.43E+00	1.02E+01	8.10E+00
AX4930_vs_AX4900	3.42E+00	2.51E+00	1.29E+00	2.94E+00	2.99E+00	6.06E-01
AX4931_vs_AX4907	9.72E-01	3.10E+00	1.29E+00	1.33E+00	4.86E+00	2.63E+00
AX4932_vs_AX4908	3.78E+00	3.20E+00	1.42E+00	2.97E+00	4.34E+00	1.79E-01
AX4933_vs_AX4909	1.53E+00	1.68E+00	7.20E-01	1.73E+00	9.29E-01	4.96E-01
AX4934_vs_AX4909	1.16E+00	9.71E-01	5.28E-01	1.27E+00	6.05E-01	2.36E-01
AX4935_vs_AX4910	5.13E+00	3.65E+00	2.04E+00	3.15E+00	4.47E+00	9.34E-01
AX4936_vs_AX4911	3.29E+00	2.94E+00	2.05E+00	2.60E+00	3.76E+00	4.17E+00
AX4937_vs_AX4894	5.67E+00	5.62E+00	2.66E+00	5.25E+00	5.70E+00	1.17E+00
AX4938_vs_AX4896	1.61E+00	1.20E+00	7.13E-01	1.30E+00	1.43E+00	6.30E-01
AX4940_vs_AX4904	9.12E+00	4.37E+00	3.07E+00	2.44E+00	1.14E+01	1.17E+00
AX4942_vs_AX4898	9.67E+00	6.08E+00	3.62E+00	4.21E+00	9.24E+00	1.90E+00
AX4943_vs_AX4898	9.38E+00	7.78E+00	3.59E+00	4.33E+00	1.01E+01	1.92E+00
AX4944_vs_AX4897	7.68E+00	7.02E+00	2.89E+00	5.20E+00	8.90E+00	3.84E+00
AX4945_vs_AX4898	3.78E+00	3.57E+00	1.89E+00	2.98E+00	2.57E+00	9.50E-01
AX4946_vs_AX4895	1.83E+01	1.59E+01	7.76E+00	8.65E+00	2.63E+01	2.24E+00
AX4947_vs_AX4895	1.93E+01	1.48E+01	7.66E+00	7.74E+00	2.63E+01	2.69E+00
AX4951_vs_AX4903	5.77E-01	1.31E+00	3.94E-01	1.13E+00	6.73E-01	3.28E-01
AX4958_vs_AQ5174	3.16E+01	1.18E+01	6.77E+00	6.62E+00	4.16E+01	1.69E+00
AX4961_vs_AQ5174	3.19E+01	1.10E+01	6.46E+00	6.94E+00	4.18E+01	1.82E+00
DIAF_vs_BLOOD	6.93E+00	4.54E+00	3.37E+00	3.59E+00	7.63E+00	1.45E+00
HK_vs_BLOOD	0.00E+00	7.62E-02	1.43E-01	2.98E-01	2.95E-01	7.00E-02
LNMETA_vs_BLOOD	4.54E+00	3.99E+00	1.99E+00	2.89E+00	4.61E+00	1.09E+00
LN_vs_BLOOD	3.23E+00	2.80E+00	1.81E+00	2.59E+00	3.48E+00	9.21E-01
OMEN_vs_BLOOD	4.35E+00	3.18E+00	2.35E+00	3.38E+00	5.03E+00	1.02E+00
PABKLN-01A_vs_PABKLN-11A	3.07E+00	3.50E+00	1.72E+00	2.65E+00	3.44E+00	2.58E+00
PADWRZ-01A_vs_PADWRZ-10A	4.04E+00	2.96E+00	1.83E+00	2.35E+00	3.35E+00	1.14E+00
PADYZI-01A_vs_PADYZI-10A	6.65E-01	4.20E-01	6.08E-01	9.34E-01	0.00E+00	1.63E+00
PAEHIP-01A_vs_PAEHIP-10A	1.19E+00	8.48E-01	5.80E-01	1.34E+00	1.11E+00	6.06E-01
PAJLWM-01A_vs_PAJLWM-11A	1.92E+00	1.55E+00	1.06E+00	1.40E+00	1.85E+00	6.53E-01
PAJMBW-01A_vs_PAJMBW-10A	3.82E+00	2.70E+00	1.45E+00	1.90E+00	4.61E+00	2.21E+00
PAJMRB-01A_vs_PAJMRB-11A	2.10E+00	1.68E+00	9.98E-01	2.10E+00	1.35E+00	0.00E+00
PAJNER-01A_vs_PAJNER-11A	1.98E+00	1.90E+00	7.62E-01	1.57E+00	1.76E+00	6.70E-01
PAJNFP-01A_vs_PAJNFP-11A	3.70E+00	3.25E+00	1.92E+00	2.28E+00	3.88E+00	2.42E+00
PAJNFZ-01A_vs_PAJNFZ-10A	2.91E+00	2.97E+00	1.12E+00	2.42E+00	3.07E+00	1.80E+00
PAKHTL-01A_vs_PAKHTL-11A	3.98E+00	3.88E+00	1.04E+00	3.36E+00	4.16E+00	1.62E+00
PAKLYZ-01A_vs_PAKLYZ-10A	1.94E+01	4.21E+00	4.59E+00	3.03E+00	2.44E+01	8.73E-01
PAKTCT-01A_vs_PAKTCT-11A	7.25E+00	3.07E+00	2.25E+00	3.19E+00	9.21E+00	9.61E-01
PARECB-01A_vs_PARECB-11A	1.94E+00	2.32E+00	1.00E+00	1.76E+00	1.92E+00	8.49E-01
PAREWI-01A_vs_PAREWI-11A	2.15E+00	2.11E+00	9.13E-01	1.96E+00	2.23E+00	1.47E+00
PARGRN-01A_vs_PARGRN-10A	2.39E+00	1.87E+00	6.12E-01	1.79E+00	2.20E+00	1.02E+00
PARIRN-01A_vs_PARIRN-10A	4.85E+00	2.95E+00	1.73E+00	3.44E+00	6.37E+00	5.27E-01
PARPFY-01A_vs_PARPFY-11A	4.34E+00	2.44E+00	1.15E+00	2.02E+00	5.42E+00	1.10E+00
PARRCL-01A_vs_PARRCL-11A	3.12E+00	2.86E+00	1.41E+00	2.04E+00	3.24E+00	1.70E+00
PARTKH-01A_vs_PARTKH-10A	4.62E+00	3.08E+00	1.95E+00	2.01E+00	5.01E+00	1.66E+00
PARUGK-01A_vs_PARUGK-10A	2.54E+00	2.24E+00	1.13E+00	2.04E+00	1.96E+00	8.27E-01
PARZBI-01A_vs_PARZBI-11A	3.46E+00	2.94E+00	1.40E+00	2.52E+00	3.36E+00	1.52E+00
PARZRH-01A_vs_PARZRH-10A	6.36E+00	2.60E+00	2.51E+00	2.91E+00	7.04E+00	1.39E+00
PASABD-01A_vs_PASABD-10A	2.45E+00	2.22E+00	1.03E+00	1.57E+00	1.81E+00	8.19E-01
PASADZ-01A_vs_PASADZ-10A	3.94E+00	2.92E+00	1.06E+00	2.29E+00	3.46E+00	1.95E+00
PASCDH-01A_vs_PASCDH-10A	1.67E+00	1.92E+00	9.63E-01	1.61E+00	1.46E+00	5.09E-01
PASDLA-01A_vs_PASDLA-11A	2.05E+00	1.78E+00	1.37E+00	1.51E+00	2.49E+00	7.32E-01
PASGCL-01A_vs_PASGCL-10A	2.59E+00	3.05E+00	1.42E+00	2.66E+00	2.54E+00	6.79E-01
PASRHU-01A_vs_PASRHU-10A	1.60E+00	9.76E-01	5.60E-01	1.38E+00	1.46E+00	6.31E-01
PASVDP-01A_vs_PASVDP-10A	2.15E+00	1.85E+00	1.33E+00	1.72E+00	1.73E+00	8.75E-01
PASWZZ-01A_vs_PASWZZ-10A	1.61E+00	1.69E+00	7.23E-01	1.44E+00	1.41E+00	8.84E-01
PASXNA-01A_vs_PASXNA-11A	4.49E+00	2.70E+00	1.69E+00	1.94E+00	5.32E+00	1.25E+00
PASYNF-01A_vs_PASYNF-10A	2.30E+00	1.39E+00	1.35E+00	2.17E+00	1.76E+00	7.56E-01
PASZYE-01A_vs_PASZYE-10A	3.25E+00	2.72E+00	1.30E+00	2.07E+00	3.28E+00	8.93E-01
PATAFT-01A_vs_PATAFT-10A	3.11E+00	2.89E+00	1.48E+00	1.49E+00	3.29E+00	9.06E-01
PATBLF-01A_vs_PATBLF-10A	3.25E+00	3.39E+00	1.84E+00	2.74E+00	3.49E+00	1.08E+00
PATDVL-01A_vs_PATDVL-10A	2.20E+00	1.98E+00	1.25E+00	1.80E+00	1.32E+00	9.00E-01
PATENH-01A_vs_PATENH-11A	3.34E+00	2.62E+00	1.59E+00	3.27E+00	3.17E+00	9.99E-01
PATFXW-01A_vs_PATFXW-10A	3.97E+00	2.81E+00	8.01E-01	2.63E+00	4.61E+00	1.19E+00
PATFZZ-01A_vs_PATFZZ-10A	5.57E+00	2.88E+00	1.91E+00	2.61E+00	7.29E+00	1.17E+00
PATXEE-01A_vs_PATXEE-10A	2.78E+00	2.67E+00	1.48E+00	2.50E+00	2.05E+00	1.09E+00
PATXKA-01A_vs_PATXKA-10A	3.24E+00	2.37E+00	1.31E+00	1.92E+00	2.93E+00	1.60E+00
PAUCGJ-01A_vs_PAUCGJ-10A	6.31E+00	3.81E+00	2.13E+00	2.68E+00	7.55E+00	1.88E+00
PAUDPV-01A_vs_PAUDPV-11A	2.85E+00	2.10E+00	1.16E+00	1.70E+00	3.48E+00	9.46E-01
PAUEKW-01A_vs_PAUEKW-10A	5.33E+00	5.49E+00	2.32E+00	4.54E+00	4.78E+00	9.87E-01
PAUFVP-01A_vs_PAUFVP-11A	5.18E+00	3.44E+00	1.87E+00	3.22E+00	5.58E+00	1.14E+00
PAUGYZ-01A_vs_PAUGYZ-10A	4.53E+00	6.87E-01	1.51E+00	2.21E+00	5.51E+00	4.86E-01
PAUHAZ-01A_vs_PAUHAZ-10A	2.52E+00	1.34E+00	1.06E+00	1.57E+00	2.31E+00	7.68E-01
PAUNPA-01A_vs_PAUNPA-11A	4.42E+00	2.72E+00	1.85E+00	2.74E+00	4.18E+00	5.18E-01
PAVCKS-01A_vs_PAVCKS-11A	5.64E+00	4.06E+00	2.36E+00	3.37E+00	5.80E+00	2.33E+00
PAVITI-01A_vs_PAVITI-10A	4.88E+00	3.10E+00	1.87E+00	2.85E+00	5.14E+00	1.14E+00
PAVYDM-01A_vs_PAVYDM-11A	4.55E+00	3.24E+00	2.05E+00	2.24E+00	6.37E+00	1.03E+00
PAVYKD-01A_vs_PAVYKD-10A	2.52E+00	1.83E+00	1.04E+00	1.54E+00	2.71E+00	8.77E-01
PAWDGA-01A_vs_PAWDGA-11A	5.07E+00	4.45E+00	2.11E+00	2.68E+00	4.49E+00	8.15E-01
PAWFBL-01A_vs_PAWFBL-11A	4.75E+00	2.12E+00	1.93E+00	2.50E+00	5.55E+00	7.90E-01
PAWFWK-01A_vs_PAWFWK-10A	2.01E+00	2.07E+00	8.30E-01	1.80E+00	2.01E+00	9.17E-01
SJBT030128_D1_vs_SJBT030128_G1	1.46E+00	3.12E-01	1.84E-01	1.02E+00	1.44E+00	2.06E-01
SJBT030255_D1_vs_SJBT030255_G1	1.18E+01	5.67E+00	4.35E+00	4.22E+00	1.75E+01	1.79E+00
SJBT030581_D1_vs_SJBT030581_G1	4.86E+00	3.59E+00	2.26E+00	3.87E+00	5.29E+00	5.27E-01
SJBT030707_D2_vs_SJBT030707_G1	7.48E-01	1.62E+00	3.97E-01	1.39E+00	1.32E+00	2.33E-01
SJBT030896_D1_vs_SJBT030896_G1	4.34E+00	4.79E+00	8.15E+00	3.77E+00	7.39E+00	9.57E-01
SJBT030997_D1_vs_SJBT030997_G1	2.22E+00	2.61E+00	1.28E+00	1.79E+00	1.96E+00	1.01E+00
SJBT031235_D1_vs_SJBT031235_G1	5.19E-01	1.36E-01	1.73E-01	4.94E-01	2.34E-01	0.00E+00
SJBT031605_D1_vs_SJBT031605_G1	1.17E+01	6.00E+00	4.78E+00	4.74E+00	1.51E+01	1.62E+00
SJBT031948_D2_vs_SJBT031948_G1	2.48E+01	1.09E+01	2.51E+01	7.82E+00	3.54E+01	3.28E+00
SJBT032047_D1_vs_SJBT032047_G1	0.00E+00	1.77E-01	9.88E-02	8.98E-02	9.01E-02	1.04E-01
SJBT032346_D1_vs_SJBT032346_G1	2.98E+00	2.99E+00	1.18E+00	3.04E+00	2.06E+00	6.54E-01
SJBT032393_D1_vs_SJBT032393_G1	4.07E+00	3.24E+00	2.06E+00	3.56E+00	3.28E+00	8.37E-01
SJBT032417_D2_vs_SJBT032417_G1	1.96E-01	6.64E-01	4.93E-01	8.58E-01	4.48E-01	3.30E-01
SJBT033133_D3_vs_SJBT033133_G1	1.05E-01	2.63E-01	1.56E-01	3.01E-01	1.85E-01	0.00E+00
SJBT033236_D2_vs_SJBT033236_G1	5.41E-01	7.81E-01	4.50E-01	7.78E-01	5.52E-01	1.01E-01
SJBT034089_D1_vs_SJBT034089_G1	9.50E-02	2.49E-01	3.66E-01	4.41E-01	9.76E-02	0.00E+00
SJBT034110_D2_vs_SJBT034110_G1	1.28E+00	1.20E+00	5.34E-01	1.10E+00	1.18E+00	1.74E-01
SJMRT014754_D1_vs_SJMRT014754_G1	1.26E+01	3.57E+00	4.95E+00	2.68E+00	1.69E+01	1.21E+00
SJMRT015723_D1_vs_SJMRT015723_G1	3.04E+00	3.26E+00	1.08E+00	2.46E+00	3.62E+00	9.82E-01
SJMRT063832_X1_vs_SJMRT063832_G1	2.10E+01	6.64E+01	3.08E+01	7.57E+01	4.49E+01	6.74E+00
