NMF_Replicate	L1	L1 %	L2	L2 %	KL Divergence	Correlation	Convergence Iterations
1	128.564	77.092	19.002	57.17	0.614	0.681	60000.0
2	129.894	78.504	19.263	57.554	0.626	0.673	30000.0
3	128.004	77.655	18.992	57.068	0.611	0.682	50000.0
4	130.516	77.874	19.622	57.209	0.609	0.686	50000.0
5	127.709	77.71	19.221	56.878	0.621	0.684	40000.0
6	126.184	77.006	18.87	56.672	0.615	0.686	40000.0
7	127.22	76.464	19.095	56.21	0.603	0.697	20000.0
8	126.384	78.057	18.746	57.271	0.628	0.67	70000.0
9	128.567	77.216	19.203	56.635	0.608	0.694	50000.0
10	128.499	78.666	19.229	57.499	0.63	0.675	70000.0
11	126.624	77.107	19.028	56.419	0.619	0.689	50000.0
12	129.581	77.384	19.206	56.866	0.615	0.681	50000.0
13	122.041	76.719	17.952	56.222	0.613	0.684	70000.0
14	127.268	76.656	18.991	56.517	0.6	0.694	30000.0
15	123.936	77.114	18.529	56.437	0.609	0.691	40000.0
16	128.077	79.015	19.219	57.983	0.638	0.668	40000.0
17	127.819	77.894	19.165	57.295	0.62	0.677	70000.0
18	127.178	77.276	18.831	56.738	0.613	0.683	60000.0
19	128.652	77.502	19.28	56.762	0.616	0.69	50000.0
20	126.235	76.771	18.817	56.731	0.609	0.687	60000.0
21	127.795	77.218	19.116	57.228	0.617	0.686	60000.0
22	124.921	76.867	18.254	56.587	0.609	0.687	50000.0
23	126.38	76.31	18.611	56.108	0.594	0.692	50000.0
24	127.659	77.439	19.042	56.696	0.617	0.693	80000.0
25	128.645	77.918	19.054	57.316	0.62	0.683	50000.0
26	126.725	77.642	19.026	57.176	0.621	0.683	60000.0
27	125.111	76.29	18.492	55.837	0.605	0.697	50000.0
28	126.644	77.141	18.916	57.018	0.613	0.679	50000.0
29	127.036	76.618	19.22	56.875	0.602	0.688	50000.0
30	125.504	75.939	18.429	55.698	0.599	0.697	30000.0
31	127.977	76.46	19.192	56.827	0.612	0.688	50000.0
32	125.76	77.134	18.673	56.484	0.613	0.69	50000.0
33	124.816	77.397	18.887	57.444	0.618	0.679	40000.0
34	126.338	76.52	18.63	56.57	0.601	0.685	70000.0
35	125.147	76.423	18.863	56.566	0.604	0.692	50000.0
36	126.782	78.511	18.81	57.371	0.638	0.676	80000.0
37	128.926	76.579	19.362	56.691	0.603	0.69	40000.0
38	127.26	77.476	18.924	57.396	0.62	0.676	50000.0
39	127.784	77.0	18.864	56.497	0.603	0.694	30000.0
40	126.137	75.067	18.718	55.773	0.593	0.698	20000.0
41	128.322	78.199	19.296	57.428	0.626	0.684	40000.0
42	125.846	77.473	18.799	57.167	0.607	0.683	40000.0
43	126.971	78.623	18.956	58.0	0.633	0.665	100000.0
44	128.593	77.551	19.359	57.856	0.614	0.674	80000.0
45	125.332	76.2	18.878	56.616	0.6	0.69	50000.0
46	126.907	76.958	18.97	56.253	0.609	0.698	50000.0
47	127.363	77.358	19.055	57.366	0.62	0.677	50000.0
48	125.765	76.208	18.641	56.085	0.607	0.7	50000.0
49	128.541	77.368	19.063	56.624	0.617	0.689	30000.0
50	127.818	76.677	19.022	56.851	0.602	0.683	60000.0
51	125.888	77.127	18.628	56.577	0.611	0.691	40000.0
52	128.99	78.368	19.604	57.814	0.631	0.675	50000.0
53	130.551	77.24	19.564	57.334	0.614	0.685	60000.0
54	127.844	77.169	18.867	56.908	0.608	0.681	50000.0
55	125.894	76.388	18.87	57.156	0.602	0.681	40000.0
56	123.934	76.981	18.593	56.401	0.625	0.689	40000.0
57	127.151	77.992	19.144	57.379	0.627	0.673	30000.0
58	128.42	78.211	19.083	57.397	0.624	0.682	100000.0
59	127.695	77.964	19.093	57.728	0.627	0.677	50000.0
60	127.572	77.793	19.007	57.174	0.616	0.687	40000.0
61	125.974	77.536	18.627	57.213	0.613	0.683	40000.0
62	129.021	77.53	19.169	56.9	0.617	0.687	50000.0
63	127.624	76.688	19.393	57.244	0.604	0.681	70000.0
64	124.324	77.911	18.415	56.759	0.634	0.68	50000.0
65	126.315	78.013	18.904	57.657	0.626	0.676	30000.0
66	128.049	77.083	19.043	56.565	0.609	0.691	50000.0
67	129.703	76.872	19.423	57.079	0.603	0.684	70000.0
68	127.788	76.642	18.849	56.478	0.613	0.687	60000.0
69	124.492	77.572	18.314	56.656	0.616	0.688	40000.0
70	128.822	77.86	19.215	57.167	0.623	0.684	50000.0
71	126.484	77.176	18.76	56.293	0.615	0.691	50000.0
72	126.127	76.505	18.78	56.377	0.609	0.685	30000.0
73	126.539	76.188	18.62	55.753	0.602	0.701	50000.0
74	125.721	75.97	18.364	55.788	0.593	0.697	40000.0
75	128.883	77.207	18.922	56.375	0.614	0.695	70000.0
76	125.157	77.173	18.546	56.659	0.613	0.688	40000.0
77	124.472	75.986	18.453	55.937	0.604	0.697	40000.0
78	126.248	77.102	19.044	56.446	0.608	0.69	70000.0
79	125.474	76.198	18.629	56.369	0.601	0.69	60000.0
80	127.319	76.374	18.989	56.507	0.601	0.689	40000.0
81	126.232	77.329	18.696	56.961	0.619	0.677	70000.0
82	128.988	78.306	19.283	57.584	0.626	0.675	70000.0
83	129.07	77.169	19.6	56.819	0.606	0.694	50000.0
84	129.246	77.238	19.52	56.862	0.613	0.69	50000.0
85	126.684	76.418	18.673	56.377	0.607	0.691	40000.0
86	127.981	76.747	19.334	56.976	0.598	0.686	40000.0
87	128.402	78.08	19.019	57.357	0.617	0.678	60000.0
88	127.954	77.321	19.298	57.336	0.614	0.677	50000.0
89	128.614	77.26	18.974	56.832	0.605	0.682	80000.0
90	127.703	76.265	19.032	56.301	0.591	0.692	80000.0
91	126.617	77.547	18.674	56.901	0.616	0.68	100000.0
92	126.067	77.124	18.942	57.124	0.619	0.683	60000.0
93	126.154	76.836	18.473	56.607	0.619	0.689	40000.0
94	124.443	76.512	18.174	56.166	0.598	0.689	50000.0
95	126.554	77.461	18.959	57.149	0.615	0.68	50000.0
96	127.822	75.702	18.946	55.825	0.593	0.698	40000.0
97	126.916	76.843	18.936	56.513	0.616	0.695	70000.0
98	126.393	76.22	18.968	56.302	0.606	0.69	80000.0
99	126.093	76.749	18.676	56.468	0.616	0.691	110000.0
100	126.12	78.554	18.607	57.206	0.628	0.675	50000.0
