Samples	SBS1	SBS2	SBS5	SBS8	SBS13	SBS17a	SBS17b	SBS18	SBS31	SBS35	SBS36	SBS46	SBS57	SBS84	SBS90
AX4912_vs_AX4894	258	0	1654	0	0	0	0	0	0	0	0	0	0	0	0
AX4914_vs_AX4895	109	0	489	0	0	0	0	139	0	0	0	0	145	0	74
AX4915_vs_AX4895	170	0	2106	0	0	0	0	0	0	1196	0	0	0	0	0
AX4916_vs_AX4896	46	0	199	0	0	0	0	90	0	0	0	0	137	0	61
AX4918_vs_AX4897	187	0	1771	0	0	85	212	371	0	0	0	0	0	0	0
AX4921_vs_AX4898	125	65	545	0	36	0	0	250	0	0	0	0	213	0	0
AX4922_vs_AX4899	125	0	706	0	0	0	0	0	1791	1776	0	0	0	0	0
AX4923_vs_AX4906	69	0	1634	848	0	0	0	0	0	0	0	0	0	308	0
AX4924_vs_AX4901	4	0	54	0	0	0	0	0	0	0	0	0	81	0	70
AX4925_vs_AX4901	49	0	519	0	0	0	0	0	0	0	0	0	208	0	87
AX4926_vs_AX4904	2	0	3	0	0	0	0	0	0	0	0	0	110	0	66
AX4927_vs_AX4905	57	0	810	0	0	0	0	243	513	0	0	0	0	0	122
AX4928_vs_AQ5174	104	0	1452	0	0	0	0	0	0	0	0	0	0	0	119
AX4929_vs_AQ5174	1	0	43	0	0	0	0	0	0	0	0	0	138	0	76
AX4930_vs_AX4900	162	71	396	0	40	0	0	197	0	0	0	0	158	0	82
AX4931_vs_AX4907	16	0	120	0	0	0	0	0	0	0	0	0	99	0	33
AX4932_vs_AX4908	199	0	308	197	0	0	0	0	0	0	0	0	147	0	0
AX4933_vs_AX4909	16	0	1130	0	0	0	0	0	0	0	0	0	0	0	0
AX4934_vs_AX4909	45	0	415	0	0	0	0	0	0	0	0	0	0	0	71
AX4935_vs_AX4910	72	189	325	0	0	0	0	0	1465	562	0	0	0	0	0
AX4936_vs_AX4911	73	0	397	0	0	0	0	0	0	0	0	0	149	0	66
AX4937_vs_AX4894	228	0	1281	0	0	0	0	274	0	0	0	0	0	0	0
AX4938_vs_AX4896	38	0	150	0	0	0	0	63	0	0	0	0	0	0	0
AX4940_vs_AX4904	78	0	595	327	0	0	0	0	0	0	0	0	0	0	0
AX4942_vs_AX4898	94	0	1498	0	0	0	0	526	0	0	0	0	0	0	0
AX4943_vs_AX4898	94	0	1552	0	0	0	0	570	0	0	0	0	0	0	0
AX4944_vs_AX4897	217	113	1545	0	155	122	237	385	0	0	0	0	0	0	0
AX4945_vs_AX4898	101	42	466	0	23	0	0	199	0	0	0	0	0	0	0
AX4946_vs_AX4895	13	0	2893	0	0	0	0	1950	0	0	0	0	0	0	0
AX4947_vs_AX4895	16	0	2876	0	0	0	0	1771	0	0	0	0	0	0	0
AX4951_vs_AX4903	217	0	615	0	0	0	0	0	0	0	0	0	0	0	0
AX4958_vs_AQ5174	83	0	2185	0	0	0	0	977	0	0	0	0	0	0	0
AX4961_vs_AQ5174	79	0	2166	0	0	0	0	990	0	0	0	0	0	0	0
DIAF_vs_BLOOD	144	0	1306	547	0	0	0	0	312	0	0	0	0	0	0
HK_vs_BLOOD	7	0	7	0	0	0	0	0	0	0	0	0	0	0	4
LNMETA_vs_BLOOD	139	0	1474	773	0	0	0	0	412	0	0	0	0	0	0
LN_vs_BLOOD	189	0	908	406	0	168	207	0	0	0	0	0	0	0	0
OMEN_vs_BLOOD	140	0	911	0	0	0	0	205	0	269	0	0	0	0	0
PABKLN-01A_vs_PABKLN-11A	72	0	617	0	0	41	80	0	0	0	0	0	0	0	0
PADWRZ-01A_vs_PADWRZ-10A	77	0	415	0	0	0	0	163	0	0	0	0	0	0	0
PADYZI-01A_vs_PADYZI-10A	57	0	459	0	0	195	656	0	0	0	0	0	0	0	0
PAEHIP-01A_vs_PAEHIP-10A	69	0	161	0	0	0	0	60	0	0	0	0	0	0	0
PAJLWM-01A_vs_PAJLWM-11A	57	0	197	0	0	0	0	74	0	0	0	0	0	0	0
PAJMBW-01A_vs_PAJMBW-10A	26	0	284	0	0	62	122	95	0	0	0	0	0	0	0
PAJMRB-01A_vs_PAJMRB-11A	81	25	142	0	0	0	0	64	0	0	0	0	0	0	0
PAJNER-01A_vs_PAJNER-11A	37	0	204	0	0	0	0	0	0	0	0	0	0	0	0
PAJNFP-01A_vs_PAJNFP-11A	56	0	444	261	0	47	110	0	0	0	0	0	0	0	0
PAJNFZ-01A_vs_PAJNFZ-10A	91	0	339	0	0	31	46	84	0	0	0	0	0	0	0
PAKHTL-01A_vs_PAKHTL-11A	160	59	667	0	30	0	0	0	0	0	0	0	0	0	0
PAKLYZ-01A_vs_PAKLYZ-10A	41	0	481	328	0	0	0	456	0	0	0	0	0	0	0
PAKTCT-01A_vs_PAKTCT-11A	98	0	566	266	0	0	0	0	0	0	0	0	0	0	0
PARECB-01A_vs_PARECB-11A	35	0	192	70	0	0	0	0	0	0	0	0	0	0	0
PAREWI-01A_vs_PAREWI-11A	60	0	429	0	0	0	41	0	0	0	0	0	0	0	0
PARGRN-01A_vs_PARGRN-10A	42	0	272	158	0	22	59	0	0	0	0	0	0	0	0
PARIRN-01A_vs_PARIRN-10A	129	36	341	199	0	0	0	0	0	0	0	0	0	0	0
PARPFY-01A_vs_PARPFY-11A	63	0	388	0	0	0	0	173	0	0	0	0	0	0	0
PARRCL-01A_vs_PARRCL-11A	68	0	345	0	0	0	0	96	0	0	0	0	0	0	0
PARTKH-01A_vs_PARTKH-10A	57	0	301	180	0	0	0	0	0	0	0	0	0	0	0
PARUGK-01A_vs_PARUGK-10A	68	0	287	0	0	0	0	0	0	0	0	0	0	0	0
PARZBI-01A_vs_PARZBI-11A	91	0	496	0	0	0	0	0	0	0	0	0	0	0	0
PARZRH-01A_vs_PARZRH-10A	81	59	451	0	34	0	0	336	0	0	0	0	0	0	0
PASABD-01A_vs_PASABD-10A	61	23	241	100	14	0	0	0	0	0	0	0	0	0	0
PASADZ-01A_vs_PASADZ-10A	61	0	409	0	0	19	40	0	0	0	88	0	0	0	0
PASCDH-01A_vs_PASCDH-10A	114	0	462	0	0	0	0	0	0	0	0	0	0	0	0
PASDLA-01A_vs_PASDLA-11A	46	0	175	95	0	0	0	0	0	0	0	0	0	0	0
PASGCL-01A_vs_PASGCL-10A	98	0	415	0	0	0	0	0	0	0	0	0	0	0	0
PASRHU-01A_vs_PASRHU-10A	69	0	112	0	0	0	0	47	0	0	0	0	0	0	0
PASVDP-01A_vs_PASVDP-10A	52	0	258	0	0	0	0	109	0	0	0	0	0	0	0
PASWZZ-01A_vs_PASWZZ-10A	55	0	233	0	0	0	0	0	0	0	0	0	0	0	0
PASXNA-01A_vs_PASXNA-11A	73	0	299	138	0	0	0	0	0	0	0	0	0	0	0
PASYNF-01A_vs_PASYNF-10A	73	0	203	0	0	0	0	60	0	0	0	0	0	0	0
PASZYE-01A_vs_PASZYE-10A	88	0	323	0	0	0	0	0	0	0	80	0	0	0	0
PATAFT-01A_vs_PATAFT-10A	35	0	335	148	0	0	0	0	0	0	0	0	0	0	0
PATBLF-01A_vs_PATBLF-10A	89	0	433	0	0	0	0	203	0	0	0	0	0	0	0
PATDVL-01A_vs_PATDVL-10A	56	0	254	0	0	0	0	0	0	0	63	0	0	0	0
PATENH-01A_vs_PATENH-11A	145	48	386	0	0	0	0	146	0	0	0	0	0	0	0
PATFXW-01A_vs_PATFXW-10A	112	0	312	160	0	0	0	0	0	0	0	0	0	0	0
PATFZZ-01A_vs_PATFZZ-10A	83	0	344	216	0	0	34	0	0	0	0	0	0	0	0
PATXEE-01A_vs_PATXEE-10A	136	0	556	0	0	0	0	0	0	0	151	0	0	0	0
PATXKA-01A_vs_PATXKA-10A	38	0	306	0	0	0	0	98	0	0	0	0	0	0	0
PAUCGJ-01A_vs_PAUCGJ-10A	47	33	355	264	46	27	54	0	0	0	0	0	0	0	0
PAUDPV-01A_vs_PAUDPV-11A	33	20	117	90	8	0	18	0	0	0	0	0	0	0	0
PAUEKW-01A_vs_PAUEKW-10A	289	0	1016	0	0	0	0	0	0	0	0	0	0	0	0
PAUFVP-01A_vs_PAUFVP-11A	122	21	397	182	45	0	0	0	0	0	0	0	0	0	0
PAUGYZ-01A_vs_PAUGYZ-10A	74	0	267	0	0	0	0	191	0	0	0	0	0	0	0
PAUHAZ-01A_vs_PAUHAZ-10A	72	0	146	139	0	0	0	0	0	0	0	0	0	0	0
PAUNPA-01A_vs_PAUNPA-11A	101	39	306	0	0	0	0	315	0	0	0	0	0	0	0
PAVCKS-01A_vs_PAVCKS-11A	162	0	609	294	0	0	81	0	0	0	0	0	0	0	0
PAVITI-01A_vs_PAVITI-10A	97	0	448	0	0	0	0	172	0	0	0	0	0	0	0
PAVYDM-01A_vs_PAVYDM-11A	60	0	263	157	0	0	0	0	0	0	0	0	0	0	0
PAVYKD-01A_vs_PAVYKD-10A	52	0	185	96	0	0	0	0	0	0	0	0	0	0	0
PAWDGA-01A_vs_PAWDGA-11A	49	61	473	0	117	0	0	0	0	0	92	0	0	0	0
PAWFBL-01A_vs_PAWFBL-11A	62	0	363	0	0	0	0	220	0	0	0	0	0	0	0
PAWFWK-01A_vs_PAWFWK-10A	70	0	260	0	0	0	0	0	0	0	78	0	0	0	0
SJBT030128_D1_vs_SJBT030128_G1	59	0	79	0	0	0	0	82	0	0	0	0	0	0	0
SJBT030255_D1_vs_SJBT030255_G1	137	0	638	474	0	0	0	0	0	0	0	0	0	0	0
SJBT030581_D1_vs_SJBT030581_G1	293	0	639	0	0	0	0	0	0	0	157	0	0	0	0
SJBT030707_D2_vs_SJBT030707_G1	47	0	115	0	0	0	0	0	0	0	0	0	0	0	0
SJBT030896_D1_vs_SJBT030896_G1	120	0	59	0	0	0	0	0	1069	572	0	0	0	0	0
SJBT030997_D1_vs_SJBT030997_G1	78	0	345	0	0	0	0	84	0	0	0	0	0	0	0
SJBT031235_D1_vs_SJBT031235_G1	69	0	89	0	0	0	0	0	0	0	0	0	0	0	0
SJBT031605_D1_vs_SJBT031605_G1	153	0	2362	1127	0	0	0	0	0	0	0	0	0	0	0
SJBT031948_D2_vs_SJBT031948_G1	107	0	1509	0	0	0	0	0	2976	2554	0	0	0	0	0
SJBT032047_D1_vs_SJBT032047_G1	0	0	2	0	0	0	0	0	0	0	0	0	5	0	0
SJBT032346_D1_vs_SJBT032346_G1	210	0	371	0	0	0	0	111	0	0	0	0	0	0	0
SJBT032393_D1_vs_SJBT032393_G1	765	0	1063	557	0	0	0	0	0	0	0	0	0	0	0
SJBT032417_D2_vs_SJBT032417_G1	61	0	77	126	0	0	0	0	79	0	0	0	0	0	0
SJBT033133_D3_vs_SJBT033133_G1	1	0	8	0	0	0	0	0	0	0	0	0	0	0	0
SJBT033236_D2_vs_SJBT033236_G1	38	0	57	0	0	0	0	0	0	0	0	0	0	0	0
SJBT034089_D1_vs_SJBT034089_G1	41	0	40	0	0	0	0	0	0	0	0	0	0	0	0
SJBT034110_D2_vs_SJBT034110_G1	53	0	184	0	0	0	0	0	0	0	0	0	0	0	0
SJMRT014754_D1_vs_SJMRT014754_G1	77	0	480	325	0	0	0	258	250	0	0	0	0	0	0
SJMRT015723_D1_vs_SJMRT015723_G1	105	0	668	0	0	0	0	0	0	194	0	0	0	0	0
SJMRT063832_X1_vs_SJMRT063832_G1	821	0	11183	0	0	0	0	0	2147	0	0	3426	0	0	0
