Samples	SBS96A	SBS96B	SBS96C	SBS96D	SBS96E	SBS96F	SBS96G	SBS96H
AX4912_vs_AX4894	1.33E+00	3.16E+00	1.96E+00	2.43E+00	2.14E+00	3.66E+00	8.10E-01	1.12E+00
AX4914_vs_AX4895	8.07E-01	1.03E+00	1.80E+00	1.23E+00	1.55E+00	1.93E+00	8.57E-01	1.37E+00
AX4915_vs_AX4895	1.23E+00	1.77E+00	2.35E+00	3.05E+00	2.54E+00	3.45E+00	1.45E+00	1.20E+00
AX4916_vs_AX4896	6.92E-01	1.67E+00	2.23E+00	3.27E+00	1.88E+00	3.94E+00	1.25E+00	4.85E-01
AX4918_vs_AX4897	9.75E-01	1.64E+00	2.00E+00	2.28E+00	2.14E+00	2.11E+00	4.25E-01	6.56E-01
AX4921_vs_AX4898	1.24E+00	1.96E+00	2.01E+00	3.35E+00	2.06E+00	3.98E+00	1.79E+00	2.07E-01
AX4923_vs_AX4906	1.12E+00	1.89E+00	1.99E+00	5.63E-01	2.71E+00	3.45E+00	1.30E+00	5.37E-01
AX4925_vs_AX4901	2.12E+00	3.70E+00	2.76E+00	3.43E+00	3.94E+00	4.95E+00	1.66E+00	1.73E+00
AX4927_vs_AX4905	3.60E+00	7.75E+00	2.66E+00	3.38E+00	6.24E+00	7.68E+00	1.99E+00	1.37E+00
AX4928_vs_AQ5174	8.65E-01	1.27E+00	2.22E+00	5.32E-01	1.91E+00	2.37E+00	1.28E+00	8.53E-01
AX4930_vs_AX4900	6.85E-01	8.93E-01	2.67E+00	4.22E+00	2.74E+00	4.10E+00	1.54E+00	8.53E-01
AX4932_vs_AX4908	3.55E-01	1.93E+00	1.98E+00	9.41E-01	1.66E+00	2.51E+00	1.34E+00	6.38E-01
AX4933_vs_AX4909	5.44E+00	1.09E+01	4.33E+00	2.54E+00	1.09E+01	4.83E+00	3.04E-01	0.00E+00
AX4934_vs_AX4909	1.25E+00	2.54E+00	2.70E+00	2.32E+00	2.62E+00	3.74E+00	1.52E+00	0.00E+00
AX4935_vs_AX4910	8.07E+00	3.65E+00	3.16E+00	6.54E+00	1.34E+00	5.83E+00	2.99E+00	6.48E-01
AX4937_vs_AX4894	1.01E+00	2.58E+00	1.95E-01	2.64E+00	2.92E+00	3.55E+00	1.05E+00	8.13E-01
AX4938_vs_AX4896	6.33E-01	8.88E-01	1.58E-01	1.56E+00	1.20E+00	1.65E+00	5.86E-01	3.07E-01
AX4940_vs_AX4904	1.20E-01	2.28E+00	2.45E-01	6.31E-01	2.49E+00	2.58E+00	8.68E-01	6.60E-01
AX4942_vs_AX4898	6.40E-01	1.72E+00	8.51E-01	1.62E+00	1.29E+00	1.93E+00	3.69E-01	3.73E-01
AX4943_vs_AX4898	3.52E-01	7.90E-01	6.40E-01	1.09E+00	6.04E-01	1.06E+00	5.19E-01	2.19E-01
AX4944_vs_AX4897	1.53E+00	3.94E+00	1.86E+00	5.22E+00	3.15E+00	5.97E+00	1.87E+00	2.19E+00
AX4945_vs_AX4898	3.91E-01	4.23E-01	3.61E-01	5.86E-01	3.08E-01	4.58E-01	1.89E-01	2.31E-01
AX4946_vs_AX4895	1.19E+00	3.78E+00	1.16E+00	7.52E+00	3.81E+00	7.79E+00	7.13E-01	8.82E-01
AX4947_vs_AX4895	8.21E-01	3.41E+00	1.19E+00	5.47E+00	4.20E+00	6.25E+00	1.44E-01	1.14E+00
AX4951_vs_AX4903	2.09E+00	3.96E+00	1.92E+00	3.89E+00	6.55E+00	7.39E+00	4.29E+00	8.57E-01
AX4958_vs_AQ5174	7.47E-01	3.36E+00	1.11E+00	4.74E+00	2.82E+00	5.70E+00	5.31E-01	3.79E-01
AX4961_vs_AQ5174	8.47E-01	2.32E+00	7.16E-01	3.43E+00	2.83E+00	4.08E+00	3.59E-01	5.15E-01
DIAF_vs_BLOOD	4.15E+00	8.45E+00	2.55E+00	3.65E+00	9.53E+00	8.13E+00	1.97E+00	1.47E+00
LNMETA_vs_BLOOD	7.95E+00	1.83E+01	4.84E+00	5.17E+00	1.90E+01	1.53E+01	2.35E+00	2.95E+00
LN_vs_BLOOD	2.87E+00	4.27E+00	2.67E+00	5.19E+00	5.80E+00	6.11E+00	3.25E+00	5.91E+00
OMEN_vs_BLOOD	3.33E+00	5.52E+00	1.91E+00	2.88E+00	5.96E+00	5.13E+00	1.69E+00	1.29E+00
PADWRZ-01A_vs_PADWRZ-10A	1.00E-02	5.86E-01	1.60E-01	1.05E+00	5.54E-01	1.02E+00	1.19E-01	2.18E-01
PADYZI-01A_vs_PADYZI-10A	6.88E-01	2.46E+00	9.67E-01	1.82E+00	2.10E+00	2.31E+00	8.42E-01	1.56E+00
PAEHIP-01A_vs_PAEHIP-10A	6.85E-01	9.32E-01	7.15E-01	1.25E+00	4.66E-01	1.70E+00	7.65E-01	7.86E-01
PAJLWM-01A_vs_PAJLWM-11A	5.66E-01	8.36E-01	2.73E-01	1.12E+00	8.42E-01	1.03E+00	7.75E-01	4.29E-01
PAJNFP-01A_vs_PAJNFP-11A	8.07E-01	1.32E+00	6.54E-01	8.93E-01	5.66E-01	1.46E+00	6.60E-01	2.02E+00
PAKHTL-01A_vs_PAKHTL-11A	0.00E+00	8.32E-01	2.11E-01	1.40E+00	7.91E-01	1.64E+00	7.73E-01	1.20E+00
PAKLYZ-01A_vs_PAKLYZ-10A	7.56E-01	9.13E-01	8.23E-01	3.32E+00	1.57E+00	3.94E+00	1.16E+00	1.73E-01
PAKTCT-01A_vs_PAKTCT-11A	3.80E-01	7.08E-01	6.48E-01	7.48E-01	4.83E-01	1.01E+00	2.34E-01	5.09E-01
PARECB-01A_vs_PARECB-11A	3.00E-01	4.88E-01	2.84E-01	3.97E-01	4.19E-02	4.68E-01	3.07E-01	1.00E-02
PAREWI-01A_vs_PAREWI-11A	1.66E-01	1.78E+00	3.06E-01	2.15E+00	2.16E+00	2.67E+00	7.09E-01	1.48E+00
PARGRN-01A_vs_PARGRN-10A	9.64E-01	9.47E-01	5.68E-01	2.69E+00	2.00E+00	1.75E+00	9.50E-02	2.46E+00
PARIRN-01A_vs_PARIRN-10A	3.50E-01	7.38E-01	2.46E-01	9.09E-01	1.11E+00	1.16E+00	6.31E-01	6.19E-01
PARPFY-01A_vs_PARPFY-11A	9.36E-01	9.10E-01	7.70E-01	1.88E+00	1.74E+00	2.08E+00	1.25E-01	1.06E+00
PARZRH-01A_vs_PARZRH-10A	1.32E-01	4.40E-01	3.63E-01	7.96E-01	1.90E-01	8.29E-01	2.51E-01	2.00E-01
PASABD-01A_vs_PASABD-10A	2.34E-01	1.60E+00	4.70E-01	1.69E+00	1.21E+00	1.91E+00	9.97E-01	8.34E-01
PASADZ-01A_vs_PASADZ-10A	2.79E-01	2.48E-01	3.88E-01	5.62E-01	5.76E-01	5.58E-01	0.00E+00	2.84E-01
PASCDH-01A_vs_PASCDH-10A	1.07E+00	1.45E+00	1.05E+00	3.49E+00	3.06E+00	3.85E+00	1.62E+00	1.95E+00
PASDLA-01A_vs_PASDLA-11A	2.76E-01	4.90E-01	2.55E-01	7.74E-01	2.44E-01	6.67E-01	3.65E-01	4.43E-01
PASVDP-01A_vs_PASVDP-10A	2.54E-01	5.86E-01	5.67E-01	1.04E+00	8.91E-01	1.37E+00	5.32E-01	5.86E-02
PASWZZ-01A_vs_PASWZZ-10A	3.81E-01	2.84E-01	4.54E-01	4.99E-01	8.18E-01	1.32E+00	6.28E-01	7.23E-01
PASXNA-01A_vs_PASXNA-11A	1.69E-01	4.46E-01	0.00E+00	4.43E-01	3.46E-01	4.28E-01	0.00E+00	6.00E-02
PATAFT-01A_vs_PATAFT-10A	4.80E-01	1.88E+00	7.60E-01	1.68E+00	1.80E+00	2.71E+00	5.29E-01	7.81E-01
PATDVL-01A_vs_PATDVL-10A	4.73E-02	2.27E-01	4.39E-01	2.01E-01	2.86E-01	3.56E-01	2.73E-01	3.20E-01
PATENH-01A_vs_PATENH-11A	2.39E-01	2.87E-01	4.77E-01	7.59E-01	1.06E+00	9.43E-01	6.26E-01	7.68E-01
PATFXW-01A_vs_PATFXW-10A	6.68E-02	1.14E+00	4.46E-01	1.40E+00	8.09E-01	1.69E+00	9.48E-01	1.10E+00
PATFZZ-01A_vs_PATFZZ-10A	7.01E-01	1.61E+00	7.53E-01	1.09E+00	1.17E+00	1.87E+00	8.59E-01	1.27E+00
PATXEE-01A_vs_PATXEE-10A	1.19E+00	1.97E+00	1.68E-01	4.01E+00	3.69E+00	4.42E+00	1.92E+00	8.30E-01
PAUEKW-01A_vs_PAUEKW-10A	2.16E-01	2.34E-01	3.46E-01	5.66E-01	1.51E-01	4.55E-01	5.90E-01	1.64E-01
PAUFVP-01A_vs_PAUFVP-11A	3.33E-01	1.17E+00	6.30E-01	1.17E+00	7.11E-01	1.26E+00	5.10E-01	2.96E-01
PAUGYZ-01A_vs_PAUGYZ-10A	3.94E-01	1.31E+00	2.76E-01	1.64E+00	1.43E+00	1.93E+00	4.11E-01	5.66E-01
PAUHAZ-01A_vs_PAUHAZ-10A	6.12E-01	1.18E+00	5.34E-01	1.54E+00	1.51E+00	2.06E+00	7.66E-01	4.44E-01
PAVCKS-01A_vs_PAVCKS-11A	3.00E-01	7.55E-01	4.62E-01	1.09E+00	6.40E-01	8.81E-01	4.55E-01	1.03E-01
PAVYKD-01A_vs_PAVYKD-10A	0.00E+00	7.00E-01	3.37E-01	8.27E-01	4.22E-01	8.54E-01	3.45E-01	3.63E-01
PAWFBL-01A_vs_PAWFBL-11A	3.76E-01	5.98E-01	3.79E-01	7.00E-01	4.02E-01	7.82E-01	3.71E-01	1.89E-01
PAWFWK-01A_vs_PAWFWK-10A	6.95E-01	1.52E+00	8.38E-02	1.59E+00	7.09E-01	2.05E+00	7.52E-01	1.00E-02
SJBT030128_D1_vs_SJBT030128_G1	4.39E-01	7.55E-01	4.66E-01	1.25E+00	2.44E-01	1.09E+00	5.08E-01	1.17E-01
SJBT030255_D1_vs_SJBT030255_G1	8.03E-01	1.33E+00	9.21E-01	1.08E+00	1.24E+00	2.09E+00	6.74E-01	7.21E-01
SJBT030581_D1_vs_SJBT030581_G1	1.96E-01	3.11E-01	1.16E-01	3.90E-01	3.52E-01	3.71E-01	1.79E-01	3.00E-02
SJBT030997_D1_vs_SJBT030997_G1	2.36E-01	1.09E+00	5.97E-02	1.91E+00	9.84E-01	2.21E+00	9.14E-01	7.45E-01
SJBT031235_D1_vs_SJBT031235_G1	4.11E-02	6.75E-01	6.07E-01	1.15E+00	1.03E+00	1.43E+00	1.30E+00	2.98E-01
SJBT031605_D1_vs_SJBT031605_G1	6.64E+00	1.25E+01	4.41E+00	1.59E+01	2.52E+01	2.96E+01	3.45E+00	5.47E+00
SJBT031948_D2_vs_SJBT031948_G1	9.57E+00	1.57E+01	3.06E+00	5.50E+00	1.02E+01	8.60E+00	8.75E-01	2.52E+00
SJBT032346_D1_vs_SJBT032346_G1	0.00E+00	2.39E-01	4.31E-01	6.27E-01	1.51E-01	5.96E-01	4.31E-01	2.03E-01
SJBT032393_D1_vs_SJBT032393_G1	3.41E+00	6.33E+00	2.38E+00	8.19E+00	7.36E+00	8.47E+00	6.43E+00	1.79E+00
SJBT032417_D2_vs_SJBT032417_G1	2.08E+00	2.84E+00	5.67E-01	1.35E+00	1.48E+00	1.91E+00	1.11E+00	1.15E+00
SJBT033236_D2_vs_SJBT033236_G1	1.38E-01	2.83E-01	1.74E-01	2.02E-01	2.92E-01	4.31E-01	5.55E-01	0.00E+00
SJBT034089_D1_vs_SJBT034089_G1	1.19E-01	4.55E-01	1.65E-01	2.11E-01	3.33E-01	4.68E-01	5.20E-01	2.23E-01
SJBT034110_D2_vs_SJBT034110_G1	5.68E-01	1.08E+00	6.25E-01	7.53E-01	1.09E+00	1.55E+00	8.12E-01	3.94E-01
SJMRT014754_D1_vs_SJMRT014754_G1	1.27E+00	2.67E+00	1.40E+00	1.77E+00	2.76E+00	2.57E+00	3.26E-01	0.00E+00
SJMRT015723_D1_vs_SJMRT015723_G1	2.30E+00	4.07E+00	1.25E+00	3.55E+00	2.02E+00	3.60E+00	1.38E+00	1.37E+00
SJMRT063832_X1_vs_SJMRT063832_G1	1.64E-01	3.56E-01	1.71E-02	1.12E-01	1.47E-01	2.11E-01	1.25E-01	0.00E+00
