NMF_Replicate	L1	L1 %	L2	L2 %	KL Divergence	Correlation	Convergence Iterations
1	179.126	89.654	28.258	67.232	0.753	0.556	40000.0
2	174.109	89.281	27.465	66.558	0.762	0.56	30000.0
3	175.739	90.677	27.316	67.457	0.765	0.552	30000.0
4	175.58	89.947	27.549	67.013	0.751	0.564	20000.0
5	174.8	90.62	27.519	67.57	0.77	0.549	20000.0
6	176.899	90.271	27.697	67.144	0.765	0.555	30000.0
7	175.214	89.58	27.636	67.006	0.75	0.567	20000.0
8	175.821	89.587	27.742	66.665	0.759	0.554	20000.0
9	176.726	89.687	28.13	67.017	0.748	0.568	30000.0
10	179.155	90.98	28.587	68.44	0.768	0.55	20000.0
11	176.848	90.166	27.922	67.14	0.761	0.554	30000.0
12	178.435	90.154	27.757	67.341	0.757	0.553	30000.0
13	173.742	88.955	27.764	66.789	0.747	0.563	30000.0
14	177.159	89.135	28.093	67.45	0.745	0.557	20000.0
15	174.443	89.653	27.539	66.869	0.749	0.566	20000.0
16	177.654	90.493	28.521	68.134	0.774	0.542	20000.0
17	177.863	90.232	27.88	67.479	0.754	0.553	20000.0
18	174.664	89.961	27.359	67.361	0.76	0.551	20000.0
19	176.599	90.278	28.051	66.863	0.771	0.561	20000.0
20	177.144	90.324	27.711	67.719	0.763	0.552	20000.0
21	178.941	90.351	28.431	67.939	0.766	0.549	20000.0
22	175.772	89.446	27.491	67.402	0.756	0.551	40000.0
23	175.799	89.129	27.34	67.115	0.742	0.563	30000.0
24	173.757	88.967	27.461	65.948	0.763	0.574	30000.0
25	174.686	89.969	27.231	66.581	0.764	0.56	20000.0
26	175.426	89.847	27.883	66.699	0.77	0.557	20000.0
27	173.268	88.965	27.526	66.631	0.742	0.57	20000.0
28	175.085	89.695	27.385	67.267	0.754	0.555	30000.0
29	176.338	89.24	28.249	67.015	0.744	0.563	20000.0
30	173.954	88.684	27.304	65.732	0.757	0.568	20000.0
31	176.756	89.518	27.665	67.278	0.762	0.561	20000.0
32	175.255	89.614	27.89	66.721	0.767	0.561	30000.0
33	174.268	89.087	27.668	66.345	0.762	0.562	20000.0
34	175.256	89.621	27.29	66.966	0.752	0.555	20000.0
35	172.895	88.555	27.194	66.013	0.754	0.568	20000.0
36	171.864	89.786	27.04	66.226	0.766	0.562	20000.0
37	176.371	90.265	27.703	67.164	0.759	0.56	30000.0
38	180.013	90.757	28.381	68.258	0.764	0.548	40000.0
39	175.823	89.675	27.611	67.103	0.745	0.564	20000.0
40	173.275	88.405	27.643	66.023	0.752	0.569	40000.0
41	178.507	91.122	28.2	68.094	0.774	0.548	30000.0
42	174.865	89.309	27.428	66.937	0.743	0.559	30000.0
43	175.265	91.1	27.675	67.484	0.786	0.536	30000.0
44	178.242	90.336	28.246	67.853	0.761	0.552	20000.0
45	174.664	88.624	27.825	67.121	0.738	0.561	30000.0
46	177.173	90.221	28.017	67.395	0.76	0.559	30000.0
47	177.329	90.525	27.888	67.714	0.771	0.547	30000.0
48	176.14	88.447	27.911	65.924	0.748	0.579	20000.0
49	177.136	89.742	27.899	67.165	0.751	0.562	30000.0
50	175.452	88.826	27.715	66.374	0.744	0.566	30000.0
51	174.328	89.474	27.19	66.377	0.762	0.561	20000.0
52	176.492	89.496	27.95	66.574	0.767	0.562	20000.0
53	174.254	89.647	27.277	67.365	0.757	0.553	20000.0
54	173.609	89.036	27.217	66.122	0.751	0.565	30000.0
55	176.067	90.08	27.956	67.487	0.753	0.555	20000.0
56	174.527	89.933	27.365	66.736	0.759	0.564	40000.0
57	175.126	90.261	28.028	66.994	0.782	0.55	30000.0
58	175.401	90.43	27.396	67.394	0.767	0.55	30000.0
59	175.862	90.561	27.699	67.682	0.772	0.546	20000.0
60	175.01	89.49	27.651	66.187	0.757	0.565	30000.0
61	175.717	89.916	27.519	67.342	0.748	0.555	20000.0
62	176.857	90.336	27.593	67.547	0.762	0.552	30000.0
63	174.392	89.403	27.647	67.378	0.757	0.55	20000.0
64	173.974	89.474	27.358	66.207	0.772	0.563	40000.0
65	173.22	89.11	27.593	66.78	0.773	0.555	30000.0
66	177.72	89.923	27.946	67.441	0.75	0.554	20000.0
67	174.999	89.524	27.649	66.515	0.76	0.556	40000.0
68	177.259	89.636	27.735	67.035	0.754	0.558	40000.0
69	173.219	89.241	26.841	66.66	0.741	0.563	50000.0
70	176.628	90.457	27.542	67.555	0.769	0.551	20000.0
71	174.931	90.001	27.477	67.148	0.76	0.557	20000.0
72	175.376	89.239	27.231	66.77	0.751	0.559	20000.0
73	175.312	89.215	27.999	66.518	0.747	0.572	20000.0
74	174.131	89.414	27.698	67.107	0.747	0.558	30000.0
75	177.857	89.871	28.003	67.328	0.767	0.555	30000.0
76	174.5	89.113	27.851	67.204	0.744	0.562	20000.0
77	177.364	88.89	28.219	66.867	0.744	0.567	20000.0
78	175.649	89.956	27.862	67.404	0.755	0.555	20000.0
79	174.316	89.655	27.322	66.503	0.756	0.562	30000.0
80	175.307	88.834	27.814	66.917	0.74	0.563	20000.0
81	175.041	90.58	27.187	67.34	0.771	0.545	30000.0
82	175.526	89.708	27.609	67.055	0.755	0.556	20000.0
83	178.126	90.754	28.099	67.811	0.76	0.56	30000.0
84	176.374	90.247	28.037	67.557	0.771	0.55	20000.0
85	176.249	88.994	27.979	66.542	0.75	0.564	20000.0
86	173.978	89.57	27.722	66.755	0.76	0.555	30000.0
87	179.103	91.077	28.254	67.852	0.759	0.549	40000.0
88	176.736	88.68	28.167	67.062	0.743	0.559	20000.0
89	174.69	90.358	27.615	67.489	0.756	0.547	30000.0
90	175.312	89.394	27.738	67.197	0.737	0.56	20000.0
91	175.632	88.793	27.946	66.575	0.749	0.563	40000.0
92	174.267	89.565	27.597	67.122	0.757	0.558	20000.0
93	177.293	90.353	27.654	67.359	0.76	0.555	30000.0
94	175.165	88.951	27.168	66.897	0.735	0.559	20000.0
95	178.873	90.332	28.255	67.794	0.759	0.549	30000.0
96	174.074	89.033	27.483	66.471	0.74	0.568	50000.0
97	176.116	89.998	28.029	67.44	0.759	0.563	30000.0
98	176.316	88.735	27.964	67.126	0.747	0.566	30000.0
99	174.679	89.105	27.711	66.89	0.745	0.565	20000.0
100	175.09	90.31	27.309	67.143	0.761	0.553	20000.0
